0 0.142375 0.501 0.025750000000000002 0.122
0 0.47900000000000004 0.47800000000000004 0.0145 0.096
0 0.791875 0.506 0.02125 0.092
0 0.8085 0.514 0.012 0.1
0 0.887 0.503 0.036000000000000004 0.098
0 0.9137500000000001 0.505 0.0175 0.08600000000000001
0 0.9805 0.482 0.0145 0.124
0 0.02775 0.489 0.0085 0.038
0 0.0695 0.498 0.01 0.048
0 0.09625 0.489 0.0095 0.08600000000000001
0 0.167375 0.491 0.00725 0.09
0 0.309125 0.487 0.00925 0.066
0 0.36675 0.492 0.0075 0.088
0 0.37825000000000003 0.503 0.0085 0.098
0 0.38825 0.499 0.0055 0.074
0 0.420875 0.485 0.01025 0.074
0 0.46125 0.47700000000000004 0.0055 0.042
0 0.467625 0.464 0.00725 0.068
0 0.492 0.484 0.009000000000000001 0.08
0 0.50225 0.496 0.0055 0.088
0 0.563875 0.466 0.00475 0.052000000000000005
0 0.5715 0.487 0.0045000000000000005 0.05
0 0.58 0.47000000000000003 0.005 0.036000000000000004
0 0.615625 0.47500000000000003 0.00475 0.066
0 0.625875 0.48 0.00275 0.04
0 0.633625 0.481 0.00425 0.066
0 0.64075 0.498 0.009000000000000001 0.04
0 0.6491250000000001 0.493 0.00675 0.098
0 0.65925 0.517 0.011 0.08600000000000001
0 0.669625 0.523 0.00825 0.07
0 0.69275 0.506 0.0105 0.132
0 0.7066250000000001 0.526 0.01225 0.076
0 0.76175 0.494 0.011 0.076
0 0.7745 0.503 0.0125 0.098
0 0.81825 0.498 0.005 0.068
0 0.823625 0.488 0.00575 0.048
0 0.841375 0.513 0.01025 0.106
0 0.900375 0.43 0.00925 0.07200000000000001
0 0.95875 0.47000000000000003 0.0115 0.076
