0 0.22362500000000002 0.553 0.01825 0.074
0 0.322875 0.585 0.01025 0.09
0 0.39575 0.5690000000000001 0.0125 0.134
0 0.6355000000000001 0.58 0.0155 0.08
0 0.00475 0.526 0.009000000000000001 0.07200000000000001
0 0.013000000000000001 0.531 0.006500000000000001 0.082
0 0.028 0.524 0.0165 0.068
0 0.048375 0.533 0.00475 0.034
0 0.084125 0.546 0.01025 0.088
0 0.112625 0.544 0.00825 0.056
0 0.134625 0.556 0.00975 0.052000000000000005
0 0.1685 0.587 0.0125 0.094
0 0.18875 0.5710000000000001 0.0085 0.058
0 0.2415 0.5750000000000001 0.0075 0.066
0 0.24875 0.582 0.006500000000000001 0.1
0 0.26725 0.5720000000000001 0.011 0.06
0 0.30475 0.5750000000000001 0.01 0.082
0 0.349875 0.599 0.012750000000000001 0.094
0 0.36312500000000003 0.587 0.01175 0.05
0 0.380625 0.598 0.00925 0.08
0 0.439625 0.59 0.00875 0.088
0 0.45225 0.598 0.012 0.064
0 0.49075 0.596 0.008 0.076
0 0.506 0.597 0.0055 0.062
0 0.5205 0.578 0.006500000000000001 0.076
0 0.53075 0.579 0.006 0.038
0 0.5437500000000001 0.589 0.0145 0.098
0 0.566375 0.582 0.01175 0.08
0 0.5825 0.583 0.008 0.066
0 0.5965 0.584 0.0075 0.064
0 0.64725 0.584 0.007 0.044
0 0.6715 0.585 0.007 0.066
0 0.7116250000000001 0.59 0.00675 0.048
0 0.7425 0.588 0.006500000000000001 0.048
0 0.754125 0.591 0.010750000000000001 0.046
0 0.774875 0.5750000000000001 0.00825 0.074
0 0.789125 0.5730000000000001 0.00625 0.074
0 0.875625 0.604 0.01175 0.108
0 0.89625 0.591 0.007 0.094
0 0.919625 0.579 0.010750000000000001 0.10200000000000001
