0 0.627 0.49 0.0155 0.096
0 0.63725 0.514 0.015 0.092
0 0.656625 0.507 0.01975 0.11
0 0.690875 0.501 0.01025 0.074
0 0.724875 0.49 0.01175 0.088
0 0.7671250000000001 0.493 0.010750000000000001 0.082
0 0.947125 0.464 0.01675 0.112
0 0.011875 0.486 0.01325 0.07200000000000001
0 0.030375 0.46900000000000003 0.00975 0.08600000000000001
0 0.045375 0.47700000000000004 0.00925 0.066
0 0.057 0.468 0.008 0.08
0 0.12575 0.499 0.013000000000000001 0.10200000000000001
0 0.239375 0.494 0.00825 0.044
0 0.305 0.513 0.0055 0.07
0 0.4365 0.512 0.0045000000000000005 0.048
0 0.472875 0.503 0.00725 0.082
0 0.48612500000000003 0.499 0.00675 0.05
0 0.506125 0.512 0.00925 0.048
0 0.52725 0.507 0.009000000000000001 0.082
0 0.556125 0.51 0.01025 0.056
0 0.741375 0.489 0.00925 0.05
0 0.755125 0.503 0.00775 0.058
0 0.830125 0.49 0.01175 0.076
0 0.869125 0.51 0.00975 0.044
0 0.88 0.492 0.0075 0.052000000000000005
0 0.89125 0.499 0.01 0.062
0 0.90075 0.482 0.006500000000000001 0.08
