0 0.044125 0.508 0.03125 0.14400000000000002
0 0.077375 0.488 0.01425 0.14
0 0.112125 0.503 0.01625 0.11800000000000001
0 0.401125 0.47500000000000003 0.02775 0.114
0 0.490875 0.48 0.01725 0.116
0 0.60375 0.46 0.018000000000000002 0.08
0 0.763875 0.505 0.01425 0.122
0 0.845875 0.519 0.025750000000000002 0.094
0 0.907 0.507 0.021 0.09
0 0.006625 0.561 0.01175 0.074
0 0.066125 0.495 0.00825 0.08600000000000001
0 0.08712500000000001 0.547 0.012750000000000001 0.07
0 0.20675000000000002 0.46900000000000003 0.0105 0.058
0 0.22 0.468 0.01 0.084
0 0.2285 0.47500000000000003 0.007 0.062
0 0.23825000000000002 0.47100000000000003 0.01 0.05
0 0.255125 0.47200000000000003 0.00775 0.056
0 0.290375 0.453 0.00875 0.094
0 0.33237500000000003 0.482 0.00975 0.10400000000000001
0 0.357125 0.448 0.00875 0.064
0 0.37975000000000003 0.489 0.0105 0.066
0 0.429 0.47600000000000003 0.007 0.064
0 0.44225000000000003 0.461 0.0055 0.062
0 0.52175 0.47900000000000004 0.007 0.062
0 0.530625 0.491 0.00975 0.07
0 0.540625 0.462 0.01025 0.088
0 0.578125 0.47100000000000003 0.00775 0.042
0 0.6185 0.462 0.008 0.068
0 0.6575 0.481 0.0115 0.082
0 0.675625 0.499 0.00975 0.074
0 0.754375 0.47600000000000003 0.01025 0.064
0 0.79025 0.529 0.009000000000000001 0.07
0 0.82375 0.503 0.01 0.066
0 0.88075 0.508 0.007 0.048
0 0.9283750000000001 0.508 0.00725 0.056
0 0.93875 0.49 0.009000000000000001 0.088
0 0.9576250000000001 0.513 0.00875 0.078
0 0.9835 0.489 0.012 0.094
0 0.997125 0.515 0.00575 0.066
