0 0.04225 0.492 0.007 0.06
0 0.120125 0.481 0.00875 0.062
0 0.168 0.509 0.017 0.062
0 0.21775 0.502 0.0055 0.056
0 0.242375 0.494 0.00775 0.06
0 0.303375 0.491 0.00775 0.054
0 0.33287500000000003 0.47400000000000003 0.00625 0.056
0 0.4985 0.494 0.009000000000000001 0.068
0 0.5835 0.5 0.0115 0.068
0 0.59875 0.498 0.006500000000000001 0.06
0 0.614125 0.511 0.00725 0.05
0 0.746 0.493 0.0075 0.062
0 0.7765 0.499 0.0055 0.058
0 0.807125 0.509 0.00575 0.046
0 0.8346250000000001 0.496 0.01575 0.092
0 0.89875 0.5 0.0055 0.048
0 0.92875 0.47800000000000004 0.0055 0.044
0 0.959375 0.485 0.00825 0.062
