0 0.056125 0.486 0.017750000000000002 0.076
0 0.08025 0.485 0.0115 0.07
0 0.136125 0.47400000000000003 0.00925 0.056
0 0.166125 0.488 0.01025 0.088
0 0.1895 0.484 0.0045000000000000005 0.048
0 0.21825 0.483 0.012 0.078
0 0.23700000000000002 0.488 0.007 0.068
0 0.248375 0.502 0.00625 0.06
0 0.28650000000000003 0.492 0.0125 0.10400000000000001
0 0.30775 0.5 0.0095 0.10400000000000001
0 0.317125 0.51 0.00425 0.048
0 0.338625 0.497 0.00575 0.05
0 0.34775 0.5 0.0075 0.08
0 0.367 0.486 0.006 0.064
0 0.39537500000000003 0.491 0.00725 0.07
0 0.422375 0.512 0.00875 0.092
0 0.442375 0.513 0.00925 0.078
0 0.464125 0.489 0.00825 0.038
0 0.479625 0.489 0.00275 0.042
0 0.50575 0.483 0.0045000000000000005 0.046
0 0.519375 0.491 0.010750000000000001 0.09
0 0.5285 0.466 0.005 0.06
0 0.55425 0.49 0.01 0.084
0 0.563375 0.499 0.00425 0.038
0 0.572375 0.483 0.00675 0.066
0 0.60275 0.501 0.008 0.10200000000000001
0 0.624 0.47300000000000003 0.0075 0.054
0 0.63 0.522 0.004 0.024
0 0.64475 0.504 0.006500000000000001 0.036000000000000004
0 0.652625 0.526 0.00775 0.08
0 0.67725 0.512 0.009000000000000001 0.084
0 0.68625 0.501 0.006 0.054
0 0.706375 0.51 0.00625 0.06
0 0.741 0.511 0.0045000000000000005 0.034
0 0.79025 0.502 0.0045000000000000005 0.056
0 0.9025 0.485 0.01 0.058
0 0.913625 0.492 0.01025 0.08
0 0.924625 0.491 0.00775 0.074
0 0.936625 0.505 0.00425 0.038
0 0.95525 0.493 0.018000000000000002 0.08600000000000001
0 0.989375 0.481 0.00625 0.074
