0 0.19825 0.47600000000000003 0.019 0.092
0 0.047 0.481 0.0095 0.082
0 0.10250000000000001 0.47400000000000003 0.0155 0.048
0 0.142375 0.49 0.00775 0.064
0 0.22 0.489 0.0135 0.09
0 0.26787500000000003 0.499 0.00875 0.058
0 0.3755 0.51 0.013000000000000001 0.088
0 0.38725 0.522 0.0105 0.1
0 0.486375 0.498 0.01025 0.08
0 0.500375 0.507 0.010750000000000001 0.058
0 0.517875 0.507 0.00975 0.078
0 0.5525 0.523 0.0095 0.094
0 0.579375 0.487 0.00925 0.062
0 0.656125 0.47900000000000004 0.00875 0.042
0 0.686625 0.497 0.00825 0.074
0 0.705 0.47400000000000003 0.0075 0.07200000000000001
0 0.774875 0.488 0.00975 0.088
0 0.7857500000000001 0.483 0.007 0.074
0 0.841375 0.491 0.00925 0.062
0 0.878 0.48 0.0165 0.096
0 0.894 0.47600000000000003 0.011 0.084
0 0.90325 0.511 0.0075 0.094
0 0.9107500000000001 0.493 0.0055 0.07
0 0.938125 0.458 0.00475 0.044
