0 0.126 0.493 0.0205 0.08600000000000001
0 0.160875 0.493 0.010750000000000001 0.082
0 0.25925 0.518 0.0105 0.064
0 0.69675 0.491 0.013000000000000001 0.106
0 0.717 0.502 0.018000000000000002 0.112
0 0.80475 0.47900000000000004 0.0165 0.09
0 0.857375 0.49 0.01525 0.084
0 0.001375 0.504 0.0022500000000000003 0.04
0 0.008 0.499 0.0105 0.07
0 0.025125 0.482 0.01025 0.088
0 0.035875000000000004 0.481 0.00775 0.05
0 0.042625 0.47200000000000003 0.00525 0.06
0 0.051250000000000004 0.499 0.0115 0.09
0 0.066875 0.481 0.00625 0.042
0 0.07275 0.506 0.0055 0.076
0 0.084875 0.499 0.00875 0.062
0 0.14475 0.491 0.0085 0.062
0 0.19037500000000002 0.496 0.00625 0.06
0 0.27037500000000003 0.488 0.00925 0.088
0 0.28 0.507 0.01 0.058
0 0.2915 0.49 0.0085 0.092
0 0.30012500000000003 0.506 0.00825 0.084
0 0.34575 0.502 0.0105 0.08
0 0.36975 0.482 0.006500000000000001 0.052000000000000005
0 0.39475 0.505 0.0085 0.05
0 0.412625 0.5 0.010750000000000001 0.08
0 0.464125 0.505 0.00925 0.066
0 0.48325 0.528 0.013000000000000001 0.10400000000000001
0 0.49275 0.49 0.0055 0.048
0 0.506625 0.508 0.00675 0.076
0 0.56275 0.511 0.01 0.05
0 0.578125 0.505 0.00625 0.082
0 0.6285000000000001 0.503 0.007 0.078
0 0.653 0.496 0.0095 0.056
0 0.67025 0.522 0.0125 0.096
0 0.686125 0.493 0.00775 0.05
0 0.74025 0.495 0.0085 0.07
0 0.8941250000000001 0.507 0.01175 0.106
0 0.926 0.492 0.0085 0.06
0 0.9345 0.47100000000000003 0.008 0.08600000000000001
0 0.949625 0.47700000000000004 0.010750000000000001 0.062
0 0.95825 0.504 0.006500000000000001 0.068
