0 0.336375 0.501 0.01575 0.114
0 0.6305000000000001 0.47700000000000004 0.0155 0.11
0 0.655625 0.496 0.02325 0.1
0 0.898 0.509 0.027 0.098
0 0.03075 0.491 0.012 0.066
0 0.054125 0.499 0.00825 0.074
0 0.063125 0.5 0.00825 0.092
0 0.075875 0.493 0.00975 0.082
0 0.129875 0.49 0.010750000000000001 0.08
0 0.243625 0.503 0.00625 0.066
0 0.2605 0.496 0.0105 0.048
0 0.28800000000000003 0.508 0.0075 0.088
0 0.315875 0.51 0.01125 0.112
0 0.354125 0.513 0.00775 0.066
0 0.37775000000000003 0.496 0.01 0.052000000000000005
0 0.39687500000000003 0.504 0.00725 0.096
0 0.545 0.498 0.0075 0.048
0 0.553625 0.489 0.00925 0.05
0 0.5735 0.496 0.0085 0.076
0 0.593625 0.489 0.01225 0.094
0 0.610375 0.481 0.01125 0.08600000000000001
0 0.675 0.497 0.01 0.078
0 0.6970000000000001 0.494 0.0095 0.064
0 0.753125 0.484 0.00775 0.044
0 0.7825 0.489 0.004 0.038
0 0.93225 0.481 0.0125 0.042
0 0.976875 0.506 0.010750000000000001 0.10400000000000001
