0 0.008375 0.483 0.01625 0.126
0 0.08712500000000001 0.489 0.03275 0.126
0 0.2745 0.487 0.023 0.15
0 0.32775 0.501 0.0265 0.11800000000000001
0 0.47875 0.488 0.025 0.14
0 0.627 0.495 0.0235 0.11
0 0.6575 0.485 0.014 0.15
0 0.667 0.506 0.02 0.18
0 0.8275 0.499 0.025500000000000002 0.158
0 0.94575 0.47800000000000004 0.0275 0.1
0 0.028625 0.498 0.01625 0.1
0 0.065625 0.504 0.01025 0.092
0 0.147 0.48 0.009000000000000001 0.08
0 0.156125 0.482 0.00875 0.068
0 0.173125 0.48 0.01025 0.068
0 0.21925 0.5 0.0075 0.044
0 0.2635 0.457 0.006 0.054
0 0.365375 0.51 0.00575 0.044
0 0.3975 0.481 0.0105 0.094
0 0.40875 0.506 0.012 0.06
0 0.432375 0.502 0.01125 0.07200000000000001
0 0.45587500000000003 0.497 0.01425 0.078
0 0.499375 0.496 0.00925 0.044
0 0.540625 0.506 0.00825 0.07200000000000001
0 0.55375 0.504 0.0085 0.1
0 0.584375 0.488 0.00925 0.056
0 0.69175 0.5 0.0115 0.116
0 0.7066250000000001 0.514 0.01175 0.088
0 0.721125 0.511 0.010750000000000001 0.094
0 0.73725 0.513 0.012 0.078
0 0.751125 0.484 0.00825 0.088
0 0.7835 0.46900000000000003 0.011 0.07
0 0.796 0.489 0.0115 0.07
0 0.862 0.5 0.017 0.132
0 0.8931250000000001 0.485 0.00975 0.094
0 0.919 0.498 0.013000000000000001 0.076
0 0.9706250000000001 0.483 0.01575 0.07
0 0.99575 0.47300000000000003 0.0085 0.122
