0 0.055625 0.49 0.021750000000000002 0.124
0 0.0855 0.482 0.024 0.084
0 0.122625 0.484 0.02075 0.112
0 0.1805 0.47500000000000003 0.0125 0.066
0 0.39887500000000004 0.508 0.03325 0.1
0 0.423875 0.514 0.00975 0.088
0 0.548875 0.507 0.02125 0.114
0 0.579375 0.51 0.02875 0.116
0 0.732375 0.491 0.01375 0.114
0 0.7855 0.497 0.018000000000000002 0.09
0 0.86775 0.498 0.0245 0.116
0 0.940875 0.492 0.01825 0.096
0 0.987375 0.47900000000000004 0.01875 0.08600000000000001
0 0.01 0.507 0.0105 0.074
0 0.00925 0.439 0.006 0.062
0 0.1075 0.461 0.0085 0.066
0 0.1375 0.503 0.009000000000000001 0.05
0 0.148375 0.494 0.00775 0.068
0 0.19162500000000002 0.506 0.00925 0.07200000000000001
0 0.20675000000000002 0.49 0.007 0.064
0 0.21887500000000001 0.485 0.00425 0.026000000000000002
0 0.269125 0.509 0.00875 0.074
0 0.28025 0.507 0.0105 0.094
0 0.312125 0.51 0.00925 0.10400000000000001
0 0.32987500000000003 0.512 0.01225 0.044
0 0.435 0.509 0.008 0.05
0 0.4455 0.504 0.007 0.084
0 0.464125 0.489 0.0032500000000000003 0.03
0 0.474125 0.515 0.00925 0.07
0 0.48962500000000003 0.521 0.00975 0.054
0 0.5231250000000001 0.492 0.00575 0.064
0 0.599 0.525 0.006500000000000001 0.062
0 0.607875 0.504 0.00725 0.088
0 0.642 0.492 0.01 0.1
0 0.65225 0.503 0.009000000000000001 0.054
0 0.68925 0.47700000000000004 0.006500000000000001 0.05
0 0.6980000000000001 0.498 0.004 0.036000000000000004
0 0.714 0.491 0.0095 0.066
0 0.74375 0.515 0.0075 0.074
0 0.753375 0.484 0.00775 0.1
0 0.767 0.52 0.011 0.068
0 0.819125 0.496 0.014750000000000001 0.1
0 0.899375 0.484 0.00575 0.044
0 0.919125 0.502 0.00675 0.1
0 0.96675 0.468 0.0165 0.068
