0 0.02025 0.486 0.0205 0.092
0 0.045625 0.491 0.02275 0.106
0 0.15225 0.487 0.022 0.106
0 0.183875 0.5 0.01625 0.10400000000000001
0 0.24025 0.486 0.0085 0.092
0 0.356125 0.501 0.012750000000000001 0.09
0 0.574625 0.49 0.014750000000000001 0.076
0 0.658875 0.499 0.01725 0.106
0 0.7000000000000001 0.493 0.0185 0.11800000000000001
0 0.0016250000000000001 0.506 0.00275 0.088
0 0.066 0.489 0.0115 0.094
0 0.08225 0.506 0.0085 0.068
0 0.12662500000000002 0.5 0.01225 0.068
0 0.1985 0.501 0.0075 0.042
0 0.21275 0.503 0.0135 0.074
0 0.22675 0.491 0.006 0.038
0 0.232375 0.485 0.00425 0.066
0 0.2495 0.5 0.0085 0.06
0 0.257375 0.509 0.00725 0.07
0 0.28125 0.494 0.011 0.068
0 0.30362500000000003 0.512 0.01125 0.068
0 0.33525 0.47900000000000004 0.008 0.07
0 0.34550000000000003 0.47900000000000004 0.006500000000000001 0.07
0 0.3685 0.482 0.01 0.096
0 0.408125 0.47700000000000004 0.01175 0.062
0 0.434 0.492 0.0105 0.092
0 0.45887500000000003 0.47600000000000003 0.01175 0.08
0 0.47825 0.488 0.006 0.04
0 0.489 0.501 0.006 0.05
0 0.498 0.495 0.0045000000000000005 0.07
0 0.595 0.503 0.005 0.058
0 0.6062500000000001 0.507 0.01 0.058
0 0.63025 0.491 0.007 0.042
0 0.640125 0.502 0.00825 0.06
0 0.68375 0.493 0.012 0.094
0 0.7192500000000001 0.496 0.007 0.076
0 0.7625000000000001 0.461 0.0045000000000000005 0.042
0 0.8170000000000001 0.504 0.014 0.064
0 0.837 0.49 0.0105 0.064
0 0.8585 0.49 0.0095 0.052000000000000005
0 0.8718750000000001 0.463 0.00825 0.054
0 0.937125 0.49 0.01325 0.088
0 0.981125 0.468 0.00825 0.08
