0 0.08075 0.493 0.026000000000000002 0.094
0 0.155 0.47800000000000004 0.019 0.088
0 0.274125 0.485 0.02075 0.10200000000000001
0 0.310125 0.502 0.01675 0.1
0 0.33425 0.498 0.029500000000000002 0.1
0 0.39775 0.494 0.021500000000000002 0.132
0 0.42425 0.502 0.03 0.088
0 0.598375 0.47600000000000003 0.01975 0.092
0 0.6885 0.481 0.0155 0.094
0 0.7335 0.502 0.012 0.088
0 0.953875 0.484 0.01675 0.108
0 0.057 0.488 0.0135 0.096
0 0.169125 0.49 0.00425 0.036000000000000004
0 0.18475 0.488 0.0105 0.064
0 0.206625 0.492 0.01425 0.068
0 0.357875 0.505 0.01125 0.094
0 0.378125 0.487 0.01025 0.07
0 0.46325 0.47100000000000003 0.01 0.054
0 0.497 0.502 0.008 0.07200000000000001
0 0.513 0.518 0.0125 0.08
0 0.533125 0.487 0.010750000000000001 0.066
0 0.556875 0.502 0.01225 0.084
0 0.616375 0.47800000000000004 0.00875 0.056
0 0.62575 0.496 0.0075 0.068
0 0.639875 0.5 0.01225 0.088
0 0.662375 0.493 0.01325 0.07
0 0.70875 0.499 0.013000000000000001 0.082
0 0.721625 0.485 0.01025 0.098
0 0.74675 0.502 0.011 0.084
0 0.7655000000000001 0.52 0.0135 0.08
0 0.777625 0.47800000000000004 0.00875 0.048
0 0.7983750000000001 0.502 0.01025 0.084
0 0.81375 0.513 0.0105 0.08600000000000001
0 0.832375 0.484 0.00625 0.068
0 0.841 0.49 0.009000000000000001 0.076
0 0.92025 0.497 0.0075 0.066
0 0.9692500000000001 0.467 0.008 0.066
0 0.997 0.456 0.006 0.052000000000000005
