0 0.019875 0.492 0.01525 0.092
0 0.25725 0.494 0.017 0.096
0 0.40125 0.501 0.018000000000000002 0.094
0 0.497625 0.486 0.01425 0.1
0 0.51825 0.498 0.0105 0.088
0 0.10237500000000001 0.5 0.00875 0.068
0 0.11175 0.495 0.008 0.08600000000000001
0 0.1625 0.512 0.012 0.084
0 0.1825 0.493 0.009000000000000001 0.074
0 0.201625 0.497 0.01125 0.058
0 0.21525 0.493 0.012 0.078
0 0.302 0.493 0.0135 0.066
0 0.338125 0.488 0.01175 0.06
0 0.355375 0.493 0.01325 0.07
0 0.3735 0.501 0.0085 0.054
0 0.428875 0.48 0.01325 0.064
0 0.470375 0.512 0.00725 0.076
0 0.5295 0.47400000000000003 0.0035 0.032
0 0.560625 0.5 0.00975 0.044
0 0.604625 0.497 0.00725 0.066
0 0.615125 0.507 0.00875 0.082
0 0.645 0.511 0.0075 0.078
0 0.66725 0.491 0.006500000000000001 0.078
0 0.722125 0.482 0.00775 0.044
0 0.779 0.488 0.0085 0.048
0 0.843375 0.497 0.00675 0.046
0 0.86275 0.482 0.009000000000000001 0.06
0 0.8728750000000001 0.5 0.01125 0.068
0 0.88625 0.493 0.007 0.046
0 0.896375 0.47300000000000003 0.00625 0.058
0 0.92125 0.492 0.008 0.068
0 0.9490000000000001 0.45 0.0045000000000000005 0.04
0 0.968125 0.467 0.00775 0.066
