0 0.077625 0.34800000000000003 0.035750000000000004 0.1
0 0.19 0.34900000000000003 0.0155 0.08600000000000001
0 0.26425 0.333 0.026000000000000002 0.08600000000000001
0 0.320625 0.338 0.01825 0.092
0 0.585875 0.326 0.02075 0.07200000000000001
0 0.9071250000000001 0.304 0.01525 0.096
0 0.016875 0.337 0.01325 0.07
0 0.044625 0.367 0.010750000000000001 0.074
0 0.0545 0.352 0.009000000000000001 0.07200000000000001
0 0.116875 0.35000000000000003 0.00825 0.048
0 0.126 0.367 0.0095 0.074
0 0.1555 0.34800000000000003 0.012 0.07200000000000001
0 0.169 0.336 0.0085 0.07200000000000001
0 0.21887500000000001 0.333 0.01025 0.066
0 0.22975 0.331 0.009000000000000001 0.058
0 0.30162500000000003 0.34 0.01375 0.08
0 0.393 0.318 0.007 0.052000000000000005
0 0.453625 0.328 0.00825 0.07200000000000001
0 0.46525 0.335 0.0075 0.05
0 0.4915 0.326 0.0075 0.092
0 0.503625 0.319 0.00775 0.07
0 0.5195 0.336 0.0085 0.084
0 0.52825 0.334 0.0085 0.07200000000000001
0 0.536875 0.339 0.00775 0.066
0 0.5515 0.343 0.012 0.07
0 0.601625 0.334 0.010750000000000001 0.052000000000000005
0 0.66625 0.31 0.009000000000000001 0.07200000000000001
0 0.691375 0.321 0.00975 0.078
0 0.721375 0.307 0.00775 0.046
0 0.8145 0.281 0.009000000000000001 0.07
0 0.849875 0.322 0.00775 0.064
0 0.87025 0.294 0.006 0.08
0 0.8895000000000001 0.296 0.008 0.076
0 0.935625 0.304 0.00875 0.092
0 0.949875 0.278 0.01025 0.076
0 0.976 0.279 0.012 0.074
0 0.99775 0.293 0.0045000000000000005 0.046
