0 0.17350000000000002 0.495 0.027 0.094
0 0.77275 0.513 0.0165 0.11800000000000001
0 0.814625 0.509 0.014750000000000001 0.098
0 0.845375 0.504 0.03925 0.124
0 0.00925 0.5 0.01 0.052000000000000005
0 0.030375 0.5 0.010750000000000001 0.068
0 0.04125 0.5 0.0105 0.092
0 0.08762500000000001 0.47100000000000003 0.00825 0.10200000000000001
0 0.10775 0.504 0.0095 0.1
0 0.139125 0.498 0.014750000000000001 0.116
0 0.210125 0.484 0.01025 0.068
0 0.22475 0.497 0.007 0.10200000000000001
0 0.328625 0.52 0.00975 0.08
0 0.34325 0.496 0.0095 0.06
0 0.3625 0.47900000000000004 0.0115 0.08600000000000001
0 0.470125 0.484 0.01025 0.088
0 0.498125 0.5 0.01175 0.064
0 0.528625 0.481 0.00775 0.042
0 0.656375 0.47000000000000003 0.00825 0.08
0 0.6685 0.48 0.0075 0.064
0 0.67675 0.487 0.008 0.098
0 0.69375 0.502 0.007 0.084
0 0.7415 0.495 0.011 0.08600000000000001
0 0.752 0.492 0.01 0.088
0 0.9217500000000001 0.47500000000000003 0.01 0.046
0 0.932125 0.492 0.00675 0.076
0 0.9480000000000001 0.49 0.0105 0.096
0 0.974375 0.506 0.00925 0.06
0 0.982875 0.494 0.00575 0.06
