0 0.26325 0.488 0.0175 0.096
0 0.35525 0.483 0.029 0.134
0 0.568375 0.49 0.01975 0.084
0 0.6405 0.47700000000000004 0.023 0.09
0 0.693875 0.47500000000000003 0.01425 0.09
0 0.759 0.497 0.024 0.11
0 0.009625 0.506 0.00625 0.044
0 0.033125 0.501 0.01375 0.054
0 0.05825 0.509 0.0165 0.138
0 0.077375 0.504 0.01875 0.07200000000000001
0 0.113125 0.487 0.01325 0.082
0 0.172625 0.482 0.00875 0.056
0 0.216125 0.482 0.00575 0.068
0 0.22675 0.501 0.013000000000000001 0.082
0 0.238875 0.491 0.00875 0.098
0 0.274875 0.482 0.00575 0.04
0 0.296375 0.499 0.00675 0.054
0 0.3365 0.494 0.0085 0.108
0 0.374875 0.505 0.00975 0.074
0 0.42262500000000003 0.511 0.00625 0.074
0 0.4325 0.495 0.009000000000000001 0.046
0 0.4405 0.527 0.007 0.058
0 0.45875 0.505 0.011 0.058
0 0.479375 0.517 0.01225 0.09
0 0.496875 0.512 0.00975 0.056
0 0.50625 0.507 0.006500000000000001 0.10200000000000001
0 0.514125 0.5 0.00825 0.108
0 0.53825 0.487 0.009000000000000001 0.07
0 0.55175 0.496 0.0085 0.08
0 0.58325 0.503 0.007 0.074
0 0.61825 0.488 0.0125 0.08
0 0.658625 0.47300000000000003 0.00825 0.074
0 0.67525 0.495 0.016 0.07
0 0.724375 0.47700000000000004 0.00575 0.066
0 0.7993750000000001 0.494 0.00775 0.068
0 0.81025 0.494 0.007 0.08
0 0.81825 0.486 0.006 0.044
0 0.857875 0.491 0.014750000000000001 0.094
0 0.87275 0.502 0.012 0.07200000000000001
0 0.892375 0.501 0.00625 0.078
0 0.9105 0.505 0.012 0.098
0 0.9263750000000001 0.503 0.01025 0.074
0 0.9423750000000001 0.493 0.010750000000000001 0.098
