0 0.0275 0.509 0.017 0.08600000000000001
0 0.112875 0.497 0.017750000000000002 0.074
0 0.28150000000000003 0.487 0.0305 0.126
0 0.37475 0.501 0.025 0.078
0 0.50975 0.503 0.0145 0.09
0 0.81275 0.488 0.016 0.10400000000000001
0 0.838875 0.494 0.01825 0.132
0 0.918875 0.492 0.03225 0.128
0 0.015125 0.49 0.00675 0.07200000000000001
0 0.07037500000000001 0.47200000000000003 0.00875 0.064
0 0.085 0.492 0.007 0.088
0 0.1345 0.501 0.008 0.066
0 0.20925 0.48 0.008 0.068
0 0.2235 0.48 0.009000000000000001 0.06
0 0.233 0.494 0.0075 0.056
0 0.301 0.489 0.0085 0.07
0 0.317125 0.507 0.01025 0.058
0 0.333125 0.493 0.00725 0.046
0 0.40750000000000003 0.51 0.01 0.08
0 0.419625 0.508 0.01025 0.076
0 0.443125 0.507 0.01025 0.066
0 0.4555 0.507 0.007 0.08600000000000001
0 0.472125 0.486 0.010750000000000001 0.076
0 0.49062500000000003 0.498 0.00825 0.068
0 0.5261250000000001 0.499 0.00975 0.078
0 0.59275 0.512 0.009000000000000001 0.096
0 0.615625 0.504 0.00675 0.044
0 0.629 0.509 0.0055 0.062
0 0.647875 0.502 0.00925 0.084
0 0.6865 0.514 0.015 0.10400000000000001
0 0.7000000000000001 0.5 0.0095 0.084
0 0.7166250000000001 0.499 0.00975 0.078
0 0.727375 0.488 0.01025 0.08
0 0.760125 0.499 0.01225 0.114
0 0.76975 0.5 0.006500000000000001 0.06
0 0.7927500000000001 0.47700000000000004 0.0105 0.094
0 0.881625 0.47800000000000004 0.00675 0.056
0 0.956875 0.488 0.00725 0.064
