0 0.353625 0.496 0.01575 0.108
0 0.398625 0.484 0.02225 0.108
0 0.4295 0.486 0.012 0.092
0 0.443875 0.491 0.012750000000000001 0.09
0 0.657625 0.505 0.01875 0.094
0 0.901625 0.491 0.014750000000000001 0.09
0 0.921375 0.498 0.01225 0.108
0 0.006 0.513 0.008 0.054
0 0.07137500000000001 0.47800000000000004 0.01125 0.06
0 0.09325 0.483 0.007 0.062
0 0.10237500000000001 0.47500000000000003 0.00875 0.062
0 0.137125 0.52 0.010750000000000001 0.044
0 0.147875 0.486 0.00875 0.044
0 0.19475 0.526 0.0055 0.044
0 0.256125 0.515 0.00625 0.07
0 0.264125 0.516 0.00825 0.068
0 0.319 0.51 0.009000000000000001 0.068
0 0.4595 0.486 0.0105 0.096
0 0.4885 0.496 0.0125 0.08
0 0.550625 0.483 0.00825 0.054
0 0.5670000000000001 0.47500000000000003 0.007 0.082
0 0.584875 0.482 0.00825 0.06
0 0.6005 0.47600000000000003 0.006 0.076
0 0.681125 0.494 0.00975 0.092
0 0.77225 0.497 0.0115 0.082
0 0.788625 0.47900000000000004 0.00875 0.074
0 0.80775 0.515 0.006 0.058
0 0.8456250000000001 0.505 0.00825 0.058
0 0.8735 0.5 0.0115 0.06
0 0.888125 0.494 0.00875 0.064
0 0.9505 0.493 0.016 0.094
