0 0.2655 0.489 0.0155 0.08600000000000001
0 0.565125 0.507 0.01675 0.082
0 0.73725 0.5 0.013000000000000001 0.08
0 0.023875 0.495 0.010750000000000001 0.062
0 0.036625 0.47900000000000004 0.00625 0.066
0 0.051875000000000004 0.497 0.012750000000000001 0.074
0 0.0635 0.503 0.006 0.05
0 0.083625 0.482 0.00775 0.044
0 0.0915 0.487 0.005 0.046
0 0.111875 0.47700000000000004 0.00875 0.046
0 0.155875 0.489 0.00725 0.054
0 0.204375 0.483 0.01025 0.066
0 0.217375 0.506 0.00925 0.076
0 0.244625 0.481 0.01675 0.074
0 0.28575 0.504 0.003 0.048
0 0.3035 0.507 0.006 0.066
0 0.323375 0.505 0.00925 0.08600000000000001
0 0.341125 0.506 0.00775 0.048
0 0.375375 0.496 0.00675 0.048
0 0.4185 0.495 0.0105 0.07
0 0.435875 0.47100000000000003 0.00925 0.066
0 0.449375 0.47900000000000004 0.00825 0.07
0 0.491375 0.501 0.00675 0.066
0 0.520625 0.499 0.01325 0.066
0 0.536375 0.509 0.00875 0.08600000000000001
0 0.583375 0.507 0.00875 0.05
0 0.62675 0.496 0.005 0.044
0 0.748 0.488 0.005 0.028
0 0.8532500000000001 0.484 0.0095 0.084
0 0.86775 0.494 0.008 0.084
0 0.904 0.49 0.0125 0.084
0 0.9403750000000001 0.482 0.00875 0.1
