0 0.00125 0.498 0.002 0.068
0 0.024125 0.47300000000000003 0.014750000000000001 0.074
0 0.0575 0.468 0.0075 0.064
0 0.11787500000000001 0.47400000000000003 0.01675 0.07200000000000001
0 0.151625 0.499 0.00975 0.054
0 0.2005 0.488 0.018000000000000002 0.056
0 0.24675 0.503 0.016 0.10200000000000001
0 0.334125 0.528 0.00925 0.096
0 0.35962500000000003 0.523 0.00975 0.05
0 0.384875 0.498 0.00825 0.052000000000000005
0 0.43175 0.499 0.0085 0.062
0 0.452125 0.499 0.010750000000000001 0.062
0 0.47250000000000003 0.507 0.01 0.094
0 0.522375 0.509 0.00975 0.09
0 0.551875 0.496 0.01125 0.044
0 0.59375 0.47600000000000003 0.0055 0.056
0 0.605625 0.483 0.00825 0.062
0 0.627375 0.485 0.01125 0.066
0 0.644875 0.47400000000000003 0.00725 0.04
0 0.665125 0.47800000000000004 0.00425 0.048
0 0.677125 0.495 0.0032500000000000003 0.038
0 0.745 0.487 0.01 0.046
0 0.88775 0.467 0.009000000000000001 0.062
0 0.9031250000000001 0.47000000000000003 0.01125 0.08
0 0.925125 0.47100000000000003 0.00975 0.08600000000000001
0 0.950375 0.463 0.00525 0.046
