0 0.0955 0.495 0.006 0.058
0 0.130625 0.505 0.01025 0.062
0 0.161125 0.515 0.00625 0.038
0 0.18625 0.512 0.006 0.032
0 0.22287500000000002 0.499 0.00925 0.098
0 0.270125 0.492 0.00875 0.044
0 0.284875 0.495 0.01025 0.07
0 0.30125 0.49 0.0105 0.08
0 0.325125 0.512 0.00575 0.056
0 0.34875 0.481 0.011 0.05
0 0.409125 0.491 0.00525 0.05
0 0.429875 0.508 0.00775 0.044
0 0.47300000000000003 0.496 0.007 0.06
0 0.528375 0.501 0.00725 0.062
0 0.560125 0.499 0.00925 0.046
0 0.611375 0.518 0.00725 0.068
0 0.64675 0.499 0.0085 0.05
0 0.699375 0.5 0.00825 0.068
0 0.87225 0.504 0.006 0.052000000000000005
0 0.894875 0.497 0.00625 0.078
0 0.919375 0.491 0.01225 0.082
