0 0.017 0.486 0.0205 0.1
0 0.290875 0.505 0.02375 0.082
0 0.48712500000000003 0.505 0.01725 0.094
0 0.547125 0.502 0.02125 0.10400000000000001
0 0.0405 0.49 0.012 0.10400000000000001
0 0.05425 0.487 0.014 0.11
0 0.08637500000000001 0.487 0.01325 0.07
0 0.09875 0.494 0.011 0.056
0 0.130125 0.513 0.00975 0.062
0 0.20675000000000002 0.489 0.0165 0.074
0 0.249 0.49 0.0105 0.096
0 0.309625 0.497 0.012750000000000001 0.066
0 0.347375 0.499 0.01025 0.074
0 0.36275 0.505 0.009000000000000001 0.098
0 0.42525 0.511 0.0095 0.08600000000000001
0 0.439875 0.538 0.00825 0.084
0 0.45375 0.5 0.016 0.10400000000000001
0 0.468 0.515 0.008 0.062
0 0.499625 0.503 0.00675 0.082
0 0.5975 0.498 0.0135 0.096
0 0.6105 0.528 0.011 0.064
0 0.627625 0.518 0.00625 0.048
0 0.654875 0.522 0.00875 0.064
0 0.663625 0.511 0.00525 0.034
0 0.79 0.493 0.0105 0.062
0 0.81875 0.492 0.0125 0.044
0 0.8306250000000001 0.507 0.01025 0.042
0 0.84225 0.487 0.007 0.05
0 0.861625 0.5 0.01725 0.08
0 0.883 0.49 0.013000000000000001 0.10400000000000001
0 0.921125 0.46900000000000003 0.00775 0.054
0 0.93225 0.485 0.0125 0.094
0 0.9566250000000001 0.488 0.00825 0.08
