0 0.471875 0.506 0.01975 0.108
0 0.688125 0.491 0.02125 0.11
0 0.74075 0.48 0.015 0.112
0 0.036125 0.491 0.00825 0.054
0 0.100125 0.489 0.00825 0.062
0 0.129125 0.46900000000000003 0.00925 0.074
0 0.164 0.48 0.0095 0.052000000000000005
0 0.198625 0.481 0.00875 0.058
0 0.243375 0.483 0.01375 0.094
0 0.267 0.49 0.0125 0.084
0 0.282125 0.486 0.01225 0.1
0 0.332 0.47900000000000004 0.0085 0.09
0 0.34425 0.486 0.006 0.048
0 0.355875 0.466 0.00575 0.08
0 0.36612500000000003 0.47700000000000004 0.00875 0.078
0 0.377625 0.48 0.010750000000000001 0.088
0 0.454125 0.488 0.01175 0.084
0 0.52 0.491 0.006 0.05
0 0.533375 0.495 0.00575 0.046
0 0.545625 0.485 0.00725 0.062
0 0.56 0.496 0.0125 0.076
0 0.588875 0.516 0.01025 0.07200000000000001
0 0.6345000000000001 0.49 0.0055 0.036000000000000004
0 0.654375 0.507 0.010750000000000001 0.066
0 0.789125 0.495 0.01225 0.08600000000000001
0 0.8133750000000001 0.486 0.012750000000000001 0.12
0 0.8406250000000001 0.47300000000000003 0.01025 0.094
0 0.867375 0.485 0.00775 0.10200000000000001
0 0.876625 0.491 0.00875 0.062
0 0.884875 0.492 0.00675 0.056
0 0.91425 0.481 0.007 0.042
