0 0.07675 0.602 0.029 0.088
0 0.217875 0.556 0.01625 0.112
0 0.292125 0.524 0.021750000000000002 0.108
0 0.322625 0.51 0.01675 0.096
0 0.356875 0.48 0.02625 0.132
0 0.3795 0.458 0.0185 0.092
0 0.51975 0.403 0.027 0.122
0 0.546125 0.41000000000000003 0.02325 0.136
0 0.580875 0.352 0.017750000000000002 0.10400000000000001
0 0.631125 0.327 0.01725 0.098
0 0.658125 0.333 0.01425 0.10200000000000001
0 0.706375 0.29 0.01525 0.096
0 0.9263750000000001 0.14200000000000002 0.02325 0.108
0 0.038 0.631 0.0095 0.058
0 0.053375 0.63 0.01375 0.128
0 0.1015 0.598 0.011 0.1
0 0.148375 0.595 0.01725 0.074
0 0.165875 0.5670000000000001 0.00875 0.05
0 0.23650000000000002 0.515 0.0075 0.058
0 0.248625 0.519 0.01025 0.07
0 0.27375 0.531 0.011 0.126
0 0.33675 0.49 0.0115 0.084
0 0.4175 0.456 0.008 0.056
0 0.432125 0.435 0.01325 0.058
0 0.47675 0.431 0.011 0.08600000000000001
0 0.56575 0.368 0.0075 0.064
0 0.599875 0.339 0.00725 0.038
0 0.61525 0.334 0.0045000000000000005 0.036000000000000004
0 0.681 0.309 0.0095 0.09
0 0.756375 0.266 0.00975 0.068
0 0.764375 0.266 0.00625 0.064
0 0.810125 0.232 0.00575 0.04
0 0.8515 0.202 0.006500000000000001 0.076
0 0.8585 0.195 0.0075 0.074
0 0.8698750000000001 0.182 0.00575 0.07200000000000001
0 0.8941250000000001 0.177 0.00875 0.09
0 0.979875 0.164 0.00775 0.084
0 0.9892500000000001 0.121 0.0095 0.08600000000000001
0 0.997125 0.127 0.00575 0.062
