0 0.01325 0.499 0.026000000000000002 0.146
0 0.148625 0.514 0.02125 0.076
0 0.266125 0.507 0.02225 0.106
0 0.30275 0.493 0.0205 0.10200000000000001
0 0.33975 0.503 0.014 0.10200000000000001
0 0.381375 0.488 0.01575 0.096
0 0.5515 0.486 0.0165 0.116
0 0.5593750000000001 0.506 0.01625 0.108
0 0.6165 0.507 0.025500000000000002 0.074
0 0.639 0.49 0.019 0.1
0 0.6843750000000001 0.497 0.012750000000000001 0.106
0 0.7735 0.503 0.012 0.08600000000000001
0 0.800125 0.489 0.014750000000000001 0.08600000000000001
0 0.05 0.505 0.0155 0.07
0 0.067625 0.511 0.01325 0.07
0 0.081625 0.505 0.00925 0.08600000000000001
0 0.106125 0.493 0.01225 0.106
0 0.201 0.503 0.0115 0.054
0 0.24825 0.467 0.0115 0.098
0 0.323875 0.499 0.00925 0.114
0 0.4185 0.481 0.006 0.05
0 0.43725 0.494 0.007 0.06
0 0.47800000000000004 0.508 0.0115 0.06
0 0.49362500000000004 0.494 0.01575 0.076
0 0.5357500000000001 0.504 0.009000000000000001 0.096
0 0.587 0.488 0.0135 0.08
0 0.652375 0.501 0.00725 0.106
0 0.661875 0.47600000000000003 0.01025 0.052000000000000005
0 0.695625 0.481 0.00775 0.058
0 0.73975 0.481 0.0075 0.062
0 0.752875 0.506 0.01025 0.092
0 0.76225 0.49 0.008 0.084
0 0.787625 0.488 0.00975 0.064
0 0.8153750000000001 0.486 0.00875 0.036000000000000004
0 0.87225 0.508 0.0085 0.076
0 0.882625 0.511 0.01125 0.054
0 0.9065 0.501 0.0105 0.074
0 0.9237500000000001 0.519 0.0095 0.07
0 0.941625 0.481 0.00825 0.074
0 0.9565 0.505 0.006500000000000001 0.08600000000000001
