0 0.072875 0.496 0.021750000000000002 0.132
0 0.214375 0.497 0.02225 0.094
0 0.2465 0.5 0.01 0.112
0 0.264625 0.487 0.02425 0.122
0 0.398625 0.49 0.01375 0.1
0 0.503 0.505 0.014 0.10200000000000001
0 0.5215 0.509 0.013000000000000001 0.11800000000000001
0 0.597875 0.495 0.01375 0.114
0 0.625375 0.499 0.03825 0.114
0 0.655625 0.487 0.01925 0.106
0 0.016625 0.49 0.01175 0.068
0 0.046375 0.496 0.00875 0.048
0 0.11775000000000001 0.51 0.0075 0.076
0 0.16225 0.493 0.0155 0.098
0 0.321625 0.504 0.00475 0.048
0 0.33025 0.47800000000000004 0.011 0.06
0 0.34525 0.47000000000000003 0.0115 0.052000000000000005
0 0.34600000000000003 0.519 0.012 0.042
0 0.355875 0.495 0.00675 0.078
0 0.364875 0.501 0.00925 0.054
0 0.379625 0.504 0.01025 0.088
0 0.3885 0.485 0.005 0.062
0 0.437875 0.489 0.00825 0.08600000000000001
0 0.471375 0.49 0.00675 0.076
0 0.4865 0.498 0.004 0.044
0 0.5327500000000001 0.492 0.0095 0.08
0 0.58075 0.5 0.0085 0.088
0 0.5885 0.503 0.005 0.066
0 0.67325 0.507 0.01 0.074
0 0.694125 0.504 0.00975 0.08
0 0.721375 0.493 0.00775 0.066
0 0.77025 0.494 0.014 0.08
0 0.785375 0.494 0.01425 0.076
0 0.8063750000000001 0.491 0.010750000000000001 0.066
0 0.822875 0.496 0.01025 0.056
0 0.87275 0.494 0.0125 0.052000000000000005
0 0.886 0.504 0.014 0.08
0 0.908375 0.484 0.00775 0.064
0 0.93925 0.507 0.0095 0.066
0 0.9520000000000001 0.521 0.0155 0.07
0 0.965375 0.47400000000000003 0.01025 0.052000000000000005
0 0.9765 0.47000000000000003 0.01 0.088
