0 0.12675 0.487 0.0165 0.094
0 0.1765 0.48 0.0135 0.088
0 0.32987500000000003 0.522 0.02875 0.132
0 0.436375 0.514 0.012750000000000001 0.08
0 0.522 0.506 0.0165 0.12
0 0.544625 0.496 0.017750000000000002 0.092
0 0.669125 0.494 0.01375 0.116
0 0.7292500000000001 0.484 0.018000000000000002 0.096
0 0.754375 0.496 0.01675 0.076
0 0.961125 0.494 0.02625 0.1
0 0.9915 0.497 0.0155 0.094
0 0.03075 0.489 0.009000000000000001 0.07
0 0.07925 0.47300000000000003 0.01 0.094
0 0.15787500000000002 0.466 0.00725 0.07200000000000001
0 0.165875 0.482 0.00725 0.092
0 0.247375 0.515 0.01325 0.106
0 0.263375 0.498 0.01125 0.1
0 0.368125 0.497 0.00575 0.07
0 0.389 0.511 0.01 0.07
0 0.477125 0.501 0.00725 0.07
0 0.486875 0.49 0.00725 0.076
0 0.633625 0.511 0.00925 0.07
0 0.64375 0.5 0.0105 0.096
0 0.653375 0.494 0.00575 0.068
0 0.678125 0.47800000000000004 0.00675 0.06
0 0.69275 0.491 0.0135 0.058
0 0.844375 0.508 0.00975 0.076
0 0.8961250000000001 0.461 0.00825 0.078
0 0.9095 0.47100000000000003 0.0075 0.078
0 0.9255 0.49 0.007 0.08
