0 0.006875 0.501 0.012750000000000001 0.10200000000000001
0 0.11225 0.503 0.0165 0.094
0 0.26275 0.498 0.0175 0.10400000000000001
0 0.367875 0.515 0.01625 0.07
0 0.418 0.505 0.012 0.07
0 0.436875 0.496 0.01175 0.08
0 0.697875 0.496 0.01375 0.076
0 0.966 0.498 0.0145 0.116
0 0.02125 0.494 0.0085 0.092
0 0.0525 0.484 0.006 0.068
0 0.060125 0.507 0.00825 0.07
0 0.069625 0.498 0.00925 0.076
0 0.204625 0.486 0.00825 0.056
0 0.287625 0.487 0.00775 0.09
0 0.44875 0.491 0.007 0.07
0 0.478875 0.492 0.00675 0.08
0 0.511 0.491 0.01 0.098
0 0.5295 0.489 0.006500000000000001 0.08600000000000001
0 0.576375 0.503 0.00875 0.074
0 0.59675 0.505 0.008 0.05
0 0.606375 0.499 0.00575 0.074
0 0.628875 0.47500000000000003 0.01125 0.078
0 0.672875 0.47600000000000003 0.00625 0.068
0 0.67925 0.48 0.0045000000000000005 0.068
0 0.718125 0.506 0.00925 0.064
0 0.880375 0.496 0.01025 0.07200000000000001
0 0.8895000000000001 0.501 0.008 0.078
0 0.89975 0.516 0.0085 0.08
