0 0.064625 0.489 0.014750000000000001 0.066
0 0.091 0.487 0.013000000000000001 0.078
0 0.1145 0.483 0.014 0.094
0 0.2005 0.484 0.015 0.108
0 0.240125 0.498 0.01575 0.088
0 0.2685 0.507 0.026000000000000002 0.106
0 0.378125 0.499 0.01575 0.11
0 0.47725 0.497 0.022 0.082
0 0.50725 0.513 0.0275 0.098
0 0.550625 0.485 0.021750000000000002 0.09
0 0.6615 0.5 0.0175 0.128
0 0.827375 0.503 0.01175 0.08600000000000001
0 0.87225 0.497 0.0175 0.074
0 0.013125 0.514 0.00675 0.08
0 0.10300000000000001 0.481 0.007 0.066
0 0.142125 0.485 0.01025 0.062
0 0.165125 0.49 0.012750000000000001 0.068
0 0.216 0.497 0.008 0.062
0 0.225875 0.496 0.00775 0.068
0 0.288875 0.508 0.01175 0.1
0 0.307875 0.505 0.01025 0.08600000000000001
0 0.320875 0.512 0.00975 0.052000000000000005
0 0.33775 0.487 0.0075 0.08600000000000001
0 0.36512500000000003 0.491 0.00825 0.066
0 0.397625 0.47500000000000003 0.00675 0.066
0 0.437625 0.492 0.01375 0.10400000000000001
0 0.53125 0.492 0.0085 0.064
0 0.576125 0.505 0.01225 0.066
0 0.585875 0.482 0.00725 0.068
0 0.675125 0.503 0.00825 0.08600000000000001
0 0.69175 0.495 0.007 0.07
0 0.703375 0.495 0.00875 0.05
0 0.8485 0.486 0.01 0.06
0 0.8905000000000001 0.504 0.009000000000000001 0.064
0 0.90175 0.47300000000000003 0.008 0.082
0 0.9107500000000001 0.499 0.008 0.054
0 0.921625 0.496 0.01125 0.076
