0 0.046375 0.485 0.01875 0.11
0 0.11787500000000001 0.483 0.01925 0.126
0 0.32375 0.5 0.0165 0.096
0 0.36725 0.485 0.0165 0.094
0 0.47900000000000004 0.512 0.02 0.10400000000000001
0 0.5245 0.517 0.0175 0.08600000000000001
0 0.5417500000000001 0.486 0.0145 0.084
0 0.585 0.502 0.0195 0.096
0 0.9605 0.505 0.0145 0.114
0 0.068375 0.515 0.00775 0.082
0 0.162 0.494 0.006500000000000001 0.04
0 0.173125 0.489 0.00825 0.046
0 0.1935 0.489 0.009000000000000001 0.062
0 0.22175 0.494 0.0075 0.048
0 0.23475000000000001 0.485 0.0075 0.078
0 0.242875 0.507 0.00775 0.08600000000000001
0 0.26925 0.5 0.011 0.092
0 0.3075 0.504 0.014 0.088
0 0.35125 0.5 0.009000000000000001 0.084
0 0.45987500000000003 0.491 0.01375 0.074
0 0.495875 0.515 0.00775 0.11
0 0.504625 0.52 0.00975 0.084
0 0.555875 0.511 0.00975 0.078
0 0.62475 0.495 0.0095 0.054
0 0.641 0.496 0.009000000000000001 0.108
0 0.661375 0.466 0.01025 0.088
0 0.7115 0.47800000000000004 0.009000000000000001 0.068
0 0.7348750000000001 0.491 0.01025 0.082
0 0.854125 0.464 0.00825 0.06
0 0.885875 0.485 0.00875 0.078
0 0.9267500000000001 0.516 0.01 0.092
0 0.947125 0.49 0.00825 0.068
0 0.9762500000000001 0.489 0.007 0.082
0 0.989375 0.51 0.00875 0.08
