0 0.21075 0.482 0.012 0.1
0 0.235375 0.509 0.03075 0.082
0 0.3035 0.497 0.012 0.09
0 0.36012500000000003 0.498 0.014750000000000001 0.076
0 0.483875 0.49 0.02525 0.128
0 0.534625 0.487 0.01175 0.09
0 0.616125 0.492 0.02675 0.136
0 0.03875 0.48 0.005 0.064
0 0.062375 0.47700000000000004 0.00625 0.08600000000000001
0 0.177875 0.443 0.00775 0.046
0 0.194625 0.498 0.00825 0.088
0 0.260875 0.498 0.00475 0.06
0 0.28525 0.499 0.01 0.074
0 0.34425 0.513 0.0055 0.09
0 0.381375 0.51 0.00975 0.07200000000000001
0 0.392125 0.5 0.00875 0.064
0 0.406875 0.486 0.00975 0.06
0 0.430875 0.51 0.01175 0.07200000000000001
0 0.517875 0.505 0.00575 0.07
0 0.551875 0.494 0.00675 0.07200000000000001
0 0.92 0.501 0.0085 0.054
0 0.929625 0.483 0.01025 0.10200000000000001
