0 0.0245 0.459 0.0155 0.078
0 0.06875 0.47600000000000003 0.0205 0.06
0 0.16825 0.489 0.0125 0.098
0 0.18325 0.486 0.0155 0.092
0 0.2935 0.504 0.015 0.1
0 0.388625 0.514 0.01825 0.096
0 0.418625 0.499 0.01175 0.114
0 0.527875 0.494 0.01825 0.10400000000000001
0 0.637375 0.492 0.01425 0.088
0 0.653375 0.482 0.012750000000000001 0.08
0 0.88375 0.49 0.0115 0.1
0 0.047625 0.457 0.00675 0.05
0 0.088375 0.47100000000000003 0.00725 0.09
0 0.110875 0.47000000000000003 0.01125 0.064
0 0.137125 0.494 0.01225 0.056
0 0.21912500000000001 0.48 0.00625 0.064
0 0.281625 0.495 0.00875 0.08600000000000001
0 0.321875 0.505 0.01025 0.058
0 0.3655 0.537 0.0095 0.106
0 0.404625 0.508 0.00975 0.076
0 0.50525 0.5 0.0095 0.056
0 0.545375 0.488 0.01425 0.08
0 0.576875 0.492 0.00575 0.08
0 0.588 0.497 0.0075 0.07
0 0.61 0.514 0.0095 0.07200000000000001
0 0.78925 0.508 0.009000000000000001 0.056
0 0.7985 0.504 0.009000000000000001 0.068
0 0.808625 0.484 0.00775 0.084
0 0.8406250000000001 0.482 0.00775 0.064
0 0.8575 0.484 0.008 0.076
0 0.874375 0.47800000000000004 0.00575 0.076
0 0.896 0.517 0.0075 0.062
0 0.9097500000000001 0.487 0.0085 0.094
0 0.92225 0.458 0.0085 0.06
0 0.9333750000000001 0.48 0.00925 0.064
