0 0.0125 0.5 0.021 0.1
0 0.058375 0.481 0.01925 0.106
0 0.078 0.487 0.018000000000000002 0.09
0 0.169375 0.48 0.01325 0.096
0 0.1835 0.488 0.0135 0.096
0 0.264875 0.497 0.01625 0.106
0 0.422 0.492 0.019 0.10400000000000001
0 0.493875 0.504 0.01825 0.092
0 0.588375 0.493 0.01425 0.106
0 0.61075 0.501 0.025 0.114
0 0.714125 0.513 0.02525 0.11800000000000001
0 0.8385 0.497 0.0125 0.09
0 0.89825 0.483 0.0315 0.10200000000000001
0 0.931125 0.487 0.03325 0.10200000000000001
0 0.114 0.486 0.0075 0.07200000000000001
0 0.132625 0.504 0.00975 0.096
0 0.143625 0.488 0.01225 0.064
0 0.23075 0.47200000000000003 0.009000000000000001 0.06
0 0.306375 0.487 0.00825 0.062
0 0.333 0.508 0.011 0.084
0 0.34600000000000003 0.516 0.0145 0.092
0 0.357875 0.482 0.00875 0.064
0 0.368625 0.485 0.01175 0.098
0 0.381125 0.481 0.00875 0.062
0 0.392625 0.494 0.00975 0.092
0 0.40175 0.491 0.008 0.058
0 0.47600000000000003 0.49 0.014 0.064
0 0.526875 0.507 0.00975 0.09
0 0.5715 0.515 0.009000000000000001 0.094
0 0.62825 0.507 0.006 0.066
0 0.664375 0.499 0.00625 0.038
0 0.676 0.486 0.005 0.032
0 0.765125 0.52 0.00525 0.04
0 0.773 0.507 0.0055 0.042
0 0.7925 0.489 0.005 0.05
0 0.8130000000000001 0.518 0.01 0.06
0 0.9692500000000001 0.481 0.009000000000000001 0.078
