0 0.0775 0.486 0.017 0.088
0 0.123875 0.488 0.01875 0.076
0 0.18625 0.503 0.0135 0.082
0 0.322375 0.489 0.01675 0.098
0 0.36012500000000003 0.494 0.01325 0.08
0 0.4575 0.52 0.0125 0.088
0 0.78825 0.521 0.0105 0.082
0 0.815125 0.522 0.01375 0.096
0 0.003125 0.519 0.00575 0.10200000000000001
0 0.01325 0.519 0.0135 0.066
0 0.0335 0.499 0.011 0.094
0 0.110375 0.5 0.00825 0.068
0 0.262875 0.492 0.00675 0.068
0 0.269625 0.496 0.00525 0.08
0 0.39175 0.503 0.006 0.07
0 0.411375 0.506 0.01225 0.084
0 0.515125 0.512 0.00725 0.052000000000000005
0 0.531125 0.49 0.00875 0.048
0 0.555875 0.518 0.00775 0.06
0 0.598 0.527 0.005 0.082
0 0.626125 0.511 0.00675 0.058
0 0.63375 0.51 0.0075 0.048
0 0.686125 0.515 0.010750000000000001 0.106
0 0.731125 0.514 0.01125 0.064
0 0.83975 0.512 0.009000000000000001 0.108
0 0.8715 0.66 0.0045000000000000005 0.052000000000000005
0 0.9001250000000001 0.518 0.00925 0.08
0 0.919125 0.525 0.00975 0.078
