0 0.039625 0.47300000000000003 0.01675 0.05
0 0.12875 0.485 0.0145 0.09
0 0.2585 0.49 0.032 0.084
0 0.31425000000000003 0.495 0.0095 0.10200000000000001
0 0.32987500000000003 0.499 0.02075 0.082
0 0.36162500000000003 0.492 0.03675 0.112
0 0.3895 0.504 0.018000000000000002 0.10400000000000001
0 0.440125 0.501 0.01425 0.13
0 0.45887500000000003 0.506 0.02325 0.108
0 0.508 0.51 0.011 0.092
0 0.520875 0.495 0.01375 0.078
0 0.580375 0.517 0.02275 0.122
0 0.6 0.504 0.0135 0.096
0 0.65225 0.501 0.0235 0.126
0 0.88475 0.48 0.012 0.096
0 0.9385 0.488 0.027 0.10400000000000001
0 0.021375 0.494 0.00875 0.06
0 0.044875 0.511 0.00925 0.03
0 0.0575 0.47500000000000003 0.007 0.054
0 0.092125 0.47600000000000003 0.012750000000000001 0.084
0 0.17550000000000002 0.503 0.009000000000000001 0.094
0 0.1895 0.47200000000000003 0.009000000000000001 0.056
0 0.208625 0.47900000000000004 0.010750000000000001 0.038
0 0.23125 0.47700000000000004 0.008 0.074
0 0.289125 0.47400000000000003 0.00675 0.092
0 0.305 0.495 0.007 0.062
0 0.49412500000000004 0.517 0.010750000000000001 0.098
0 0.536875 0.492 0.00875 0.07200000000000001
0 0.55425 0.507 0.0105 0.062
0 0.6900000000000001 0.491 0.012 0.058
0 0.72375 0.494 0.012 0.06
0 0.7925 0.47800000000000004 0.0085 0.07200000000000001
0 0.835 0.47700000000000004 0.007 0.07
0 0.8505 0.48 0.009000000000000001 0.052000000000000005
0 0.8728750000000001 0.495 0.00975 0.05
0 0.8971250000000001 0.502 0.010750000000000001 0.064
0 0.965875 0.487 0.014750000000000001 0.106
