0 0.36975 0.508 0.013000000000000001 0.12
1 0.02775 0.47800000000000004 0.012 0.068
1 0.043125000000000004 0.47700000000000004 0.00675 0.05
1 0.10387500000000001 0.47500000000000003 0.00875 0.042
1 0.12562500000000001 0.484 0.00925 0.07200000000000001
1 0.20075 0.495 0.011 0.062
1 0.227 0.481 0.0085 0.038
1 0.267625 0.497 0.01125 0.058
1 0.344125 0.504 0.00825 0.044
1 0.38225000000000003 0.487 0.0055 0.046
1 0.4165 0.517 0.0075 0.07
1 0.44475000000000003 0.498 0.008 0.068
1 0.45925 0.512 0.005 0.048
1 0.47925 0.499 0.007 0.042
1 0.490375 0.5 0.00475 0.044
1 0.5241250000000001 0.505 0.00875 0.054
1 0.5455 0.485 0.0105 0.066
1 0.5660000000000001 0.508 0.009000000000000001 0.076
1 0.5835 0.502 0.013000000000000001 0.064
1 0.614375 0.497 0.01325 0.058
1 0.6567500000000001 0.488 0.009000000000000001 0.048
1 0.669625 0.505 0.00925 0.062
1 0.708 0.487 0.0045000000000000005 0.034
1 0.851875 0.492 0.00825 0.052000000000000005
1 0.939625 0.481 0.01325 0.098
1 0.95225 0.494 0.0105 0.076
1 0.96625 0.494 0.006 0.048
