0 0.22375 0.498 0.021500000000000002 0.12
0 0.26937500000000003 0.485 0.01725 0.09
0 0.333 0.465 0.0135 0.106
0 0.38775 0.485 0.0305 0.106
0 0.617375 0.47400000000000003 0.01575 0.088
0 0.655375 0.496 0.029750000000000002 0.124
0 0.68525 0.513 0.021500000000000002 0.126
0 0.75275 0.514 0.031 0.108
0 0.85875 0.495 0.021 0.126
0 0.922625 0.493 0.04125 0.11800000000000001
1 0.00575 0.51 0.011 0.084
1 0.027875 0.525 0.00825 0.066
1 0.039375 0.516 0.010750000000000001 0.084
1 0.051500000000000004 0.513 0.0115 0.094
1 0.06375 0.505 0.009000000000000001 0.062
1 0.083375 0.506 0.01625 0.08
1 0.16625 0.503 0.0085 0.08600000000000001
1 0.181375 0.5 0.00825 0.07200000000000001
1 0.24825 0.484 0.0105 0.08
1 0.31225 0.47200000000000003 0.007 0.048
1 0.45787500000000003 0.496 0.01125 0.064
1 0.522875 0.495 0.00875 0.062
1 0.5595 0.47800000000000004 0.008 0.088
1 0.70175 0.485 0.006500000000000001 0.058
1 0.7995 0.512 0.008 0.092
1 0.807 0.497 0.007 0.082
1 0.83875 0.5 0.0165 0.088
1 0.877375 0.481 0.010750000000000001 0.082
1 0.893375 0.492 0.00925 0.068
