0 0.034875 0.508 0.01975 0.12
0 0.244875 0.508 0.012750000000000001 0.14400000000000002
0 0.41200000000000003 0.504 0.02 0.116
0 0.7302500000000001 0.513 0.025 0.094
1 0.006 0.47400000000000003 0.0115 0.132
1 0.020625 0.47400000000000003 0.00875 0.124
1 0.109125 0.494 0.01025 0.10400000000000001
1 0.121125 0.493 0.00575 0.046
1 0.135 0.496 0.015 0.08
1 0.17975 0.507 0.0075 0.046
1 0.192625 0.508 0.00625 0.052000000000000005
1 0.37625000000000003 0.487 0.0105 0.09
1 0.483 0.467 0.0105 0.098
1 0.502625 0.486 0.01025 0.08
1 0.521 0.486 0.008 0.052000000000000005
1 0.544625 0.47900000000000004 0.00875 0.038
1 0.57125 0.504 0.006500000000000001 0.08
1 0.626125 0.47100000000000003 0.00725 0.074
1 0.80275 0.506 0.0075 0.108
1 0.810875 0.493 0.00775 0.106
1 0.848625 0.482 0.00925 0.1
1 0.860125 0.49 0.01025 0.056
1 0.87175 0.47500000000000003 0.0085 0.10200000000000001
1 0.893625 0.47900000000000004 0.00825 0.07
1 0.969 0.489 0.013000000000000001 0.07
1 0.989375 0.483 0.014750000000000001 0.08600000000000001
