0 0.050125 0.499 0.02525 0.114
0 0.0675 0.508 0.01 0.092
0 0.203625 0.502 0.03775 0.124
0 0.278375 0.497 0.01725 0.11
0 0.39987500000000004 0.495 0.017750000000000002 0.11
0 0.446875 0.495 0.021750000000000002 0.106
0 0.772875 0.503 0.01225 0.10200000000000001
0 0.8405 0.502 0.0145 0.064
1 0.006625 0.515 0.00925 0.062
1 0.017625000000000002 0.47000000000000003 0.010750000000000001 0.076
1 0.018125 0.539 0.00975 0.062
1 0.026625 0.46 0.00875 0.08
1 0.25775 0.47600000000000003 0.013000000000000001 0.068
1 0.293 0.491 0.0095 0.08600000000000001
1 0.32825 0.508 0.008 0.064
1 0.35025 0.51 0.014 0.084
1 0.37075 0.511 0.0045000000000000005 0.038
1 0.466625 0.489 0.01025 0.066
1 0.49675 0.542 0.0045000000000000005 0.032
1 0.542 0.521 0.006500000000000001 0.074
1 0.55625 0.518 0.0075 0.056
1 0.574375 0.52 0.00525 0.036000000000000004
1 0.604125 0.495 0.00725 0.062
1 0.628 0.504 0.008 0.07200000000000001
1 0.678 0.501 0.0125 0.066
1 0.714125 0.512 0.00825 0.052000000000000005
1 0.7915 0.47000000000000003 0.0075 0.064
1 0.803625 0.47400000000000003 0.010750000000000001 0.1
1 0.86725 0.48 0.006 0.068
1 0.89 0.47600000000000003 0.0105 0.06
1 0.89925 0.499 0.006500000000000001 0.074
1 0.942625 0.47700000000000004 0.00575 0.042
