0 0.0585 0.497 0.0145 0.126
0 0.11525 0.49 0.0225 0.088
0 0.14325000000000002 0.5 0.015 0.1
0 0.263375 0.495 0.02875 0.10200000000000001
0 0.30975 0.489 0.015 0.122
0 0.34800000000000003 0.497 0.0145 0.094
0 0.39187500000000003 0.496 0.04575 0.116
0 0.526375 0.493 0.010750000000000001 0.07
0 0.66125 0.489 0.013000000000000001 0.062
0 0.866125 0.498 0.01325 0.096
0 0.9420000000000001 0.5 0.026000000000000002 0.12
1 0.13175 0.491 0.0075 0.082
1 0.1645 0.494 0.007 0.068
1 0.182375 0.51 0.00625 0.07200000000000001
1 0.282375 0.509 0.00725 0.082
1 0.33037500000000003 0.485 0.01225 0.11
1 0.361875 0.49 0.00925 0.068
1 0.4595 0.499 0.0105 0.09
1 0.4885 0.497 0.0115 0.07
1 0.507 0.486 0.007 0.076
1 0.58125 0.512 0.0075 0.076
1 0.621625 0.517 0.00575 0.07
1 0.646375 0.494 0.00525 0.07200000000000001
1 0.6733750000000001 0.49 0.00725 0.064
1 0.731375 0.493 0.00675 0.046
1 0.883625 0.503 0.00875 0.074
1 0.90425 0.487 0.0095 0.05
1 0.912 0.507 0.005 0.058
1 0.971125 0.497 0.00725 0.074
