0 0.0125 0.528 0.0245 0.124
0 0.03975 0.503 0.013000000000000001 0.074
0 0.171125 0.5 0.01675 0.096
0 0.42575 0.51 0.0205 0.1
0 0.482125 0.504 0.01675 0.108
0 0.545625 0.506 0.012750000000000001 0.096
0 0.607125 0.5 0.01525 0.10400000000000001
0 0.645625 0.491 0.03675 0.10200000000000001
0 0.6900000000000001 0.487 0.0195 0.11
0 0.95375 0.501 0.028 0.11
1 0.029625000000000002 0.501 0.00625 0.07
1 0.194125 0.511 0.00575 0.07
1 0.20225 0.507 0.0085 0.058
1 0.216 0.499 0.009000000000000001 0.066
1 0.235875 0.483 0.00725 0.054
1 0.24525 0.499 0.007 0.062
1 0.256375 0.505 0.010750000000000001 0.074
1 0.34175 0.506 0.005 0.064
1 0.369 0.482 0.01 0.1
1 0.378375 0.486 0.00875 0.092
1 0.45737500000000003 0.482 0.01175 0.064
1 0.5347500000000001 0.511 0.006500000000000001 0.058
1 0.555875 0.484 0.00475 0.052000000000000005
1 0.66825 0.47900000000000004 0.0085 0.094
1 0.70675 0.484 0.006 0.044
1 0.731125 0.499 0.01025 0.082
1 0.8336250000000001 0.491 0.01025 0.05
1 0.8542500000000001 0.481 0.01 0.098
1 0.9071250000000001 0.498 0.01225 0.07200000000000001
