0 0.03125 0.504 0.0205 0.088
0 0.247625 0.501 0.01125 0.07
0 0.315 0.484 0.012 0.088
0 0.41225 0.495 0.0125 0.09
0 0.46025 0.492 0.025 0.112
0 0.48225 0.507 0.0135 0.098
0 0.496375 0.501 0.01225 0.094
0 0.562875 0.501 0.01675 0.106
0 0.624 0.503 0.027 0.15
0 0.66325 0.489 0.02 0.098
0 0.88825 0.499 0.0135 0.082
0 0.965875 0.503 0.02225 0.10200000000000001
1 0.005625 0.499 0.00675 0.066
1 0.067875 0.503 0.00725 0.042
1 0.0935 0.501 0.01 0.08600000000000001
1 0.10575 0.499 0.008 0.074
1 0.122125 0.493 0.00725 0.08600000000000001
1 0.155625 0.498 0.00875 0.056
1 0.166 0.504 0.006500000000000001 0.084
1 0.209125 0.483 0.00925 0.062
1 0.2235 0.491 0.011 0.074
1 0.28375 0.508 0.009000000000000001 0.048
1 0.346625 0.507 0.00675 0.08600000000000001
1 0.3595 0.488 0.0095 0.052000000000000005
1 0.52775 0.513 0.0105 0.058
1 0.539875 0.507 0.00425 0.058
1 0.58225 0.487 0.012 0.07
1 0.5962500000000001 0.492 0.009000000000000001 0.08
1 0.6803750000000001 0.486 0.00975 0.088
1 0.705375 0.486 0.01025 0.06
1 0.72775 0.47200000000000003 0.0095 0.048
1 0.783375 0.498 0.00625 0.052000000000000005
