0 0.018000000000000002 0.501 0.016 0.094
0 0.039 0.5 0.025 0.10400000000000001
0 0.064 0.505 0.016 0.11
0 0.375625 0.5 0.01675 0.1
1 0.00275 0.507 0.005 0.078
1 0.079 0.507 0.012 0.054
1 0.094 0.5 0.01 0.064
1 0.109 0.489 0.008 0.07
1 0.11887500000000001 0.496 0.00875 0.06
1 0.12725 0.489 0.006500000000000001 0.05
1 0.174375 0.506 0.00725 0.068
1 0.192375 0.502 0.00875 0.08
1 0.20600000000000002 0.493 0.0085 0.062
1 0.22125 0.489 0.006500000000000001 0.08600000000000001
1 0.313375 0.47700000000000004 0.00875 0.082
1 0.33475 0.515 0.011 0.054
1 0.39625 0.483 0.012 0.09
1 0.408625 0.513 0.010750000000000001 0.082
1 0.42462500000000003 0.488 0.00775 0.06
1 0.467375 0.524 0.00725 0.068
1 0.491875 0.502 0.00925 0.07200000000000001
1 0.502625 0.489 0.010750000000000001 0.062
1 0.560125 0.486 0.00825 0.068
1 0.570125 0.503 0.00725 0.094
1 0.5885 0.517 0.006 0.07
1 0.594625 0.51 0.00525 0.068
1 0.649875 0.533 0.010750000000000001 0.074
1 0.672 0.504 0.0105 0.056
1 0.680875 0.514 0.00725 0.08
1 0.69075 0.509 0.0075 0.074
1 0.75475 0.526 0.0085 0.06
1 0.816875 0.54 0.01175 0.07200000000000001
1 0.85775 0.531 0.0085 0.07
1 0.881375 0.532 0.00975 0.06
1 0.897875 0.517 0.00625 0.07
1 0.9107500000000001 0.532 0.0095 0.068
1 0.9243750000000001 0.524 0.00825 0.08
1 0.94425 0.514 0.008 0.064
