0 0.21825 0.499 0.0245 0.106
0 0.247375 0.5 0.03025 0.128
0 0.28750000000000003 0.497 0.0125 0.094
0 0.346875 0.517 0.01575 0.074
0 0.405875 0.509 0.01875 0.10200000000000001
0 0.42562500000000003 0.496 0.01425 0.108
0 0.52975 0.505 0.0145 0.082
0 0.590125 0.517 0.00925 0.11
1 0.03325 0.523 0.01 0.08600000000000001
1 0.05275 0.506 0.011 0.07200000000000001
1 0.155875 0.498 0.00875 0.088
1 0.173125 0.484 0.01175 0.084
1 0.196625 0.494 0.012750000000000001 0.08
1 0.27525 0.492 0.0075 0.076
1 0.3 0.502 0.007 0.092
1 0.322875 0.484 0.01125 0.06
1 0.33337500000000003 0.484 0.00775 0.048
1 0.38475 0.519 0.0085 0.05
1 0.501625 0.486 0.010750000000000001 0.084
1 0.511625 0.484 0.00875 0.08
1 0.5665 0.487 0.008 0.042
1 0.5760000000000001 0.47900000000000004 0.006500000000000001 0.062
1 0.600625 0.484 0.01175 0.056
1 0.703125 0.47400000000000003 0.00575 0.076
1 0.83025 0.467 0.0075 0.098
1 0.876125 0.483 0.00925 0.074
