0 0.089625 0.526 0.01725 0.12
0 0.50675 0.487 0.013000000000000001 0.114
1 0.0035 0.484 0.006500000000000001 0.084
1 0.046 0.493 0.0085 0.074
1 0.137 0.505 0.0085 0.08600000000000001
1 0.231625 0.47500000000000003 0.014750000000000001 0.082
1 0.27125 0.47100000000000003 0.008 0.062
1 0.327375 0.466 0.01375 0.052000000000000005
1 0.324625 0.515 0.00625 0.046
1 0.377375 0.47700000000000004 0.00725 0.114
1 0.385625 0.503 0.00925 0.046
1 0.397625 0.466 0.01025 0.092
1 0.42 0.47200000000000003 0.008 0.07200000000000001
1 0.45325 0.483 0.008 0.08600000000000001
1 0.54575 0.465 0.006 0.066
1 0.56025 0.47400000000000003 0.0085 0.052000000000000005
1 0.572125 0.446 0.00975 0.06
1 0.57275 0.495 0.0095 0.034
1 0.5845 0.492 0.011 0.084
1 0.626125 0.489 0.00975 0.074
1 0.668 0.486 0.014 0.096
1 0.678625 0.5 0.00725 0.076
1 0.687875 0.46 0.00925 0.108
1 0.749125 0.465 0.00825 0.054
1 0.762 0.483 0.008 0.078
1 0.7831250000000001 0.465 0.01325 0.082
1 0.820125 0.47500000000000003 0.01375 0.062
1 0.8365 0.466 0.0055 0.08
1 0.94325 0.47200000000000003 0.0055 0.068
1 0.95425 0.47500000000000003 0.009000000000000001 0.058
