0 0.015125 0.518 0.02025 0.08
0 0.32 0.496 0.0165 0.112
0 0.524375 0.486 0.01975 0.10400000000000001
0 0.550625 0.481 0.01825 0.11800000000000001
0 0.83725 0.437 0.0225 0.082
1 0.032875 0.497 0.00625 0.038
1 0.049625 0.508 0.00775 0.076
1 0.07150000000000001 0.516 0.0135 0.088
1 0.106125 0.503 0.00875 0.062
1 0.123625 0.496 0.00975 0.032
1 0.137 0.494 0.011 0.056
1 0.16125 0.508 0.006 0.028
1 0.204875 0.496 0.00625 0.04
1 0.229625 0.497 0.014750000000000001 0.054
1 0.245625 0.491 0.00825 0.094
1 0.25425000000000003 0.496 0.009000000000000001 0.088
1 0.26587500000000003 0.492 0.00775 0.07200000000000001
1 0.2755 0.501 0.0085 0.11
1 0.28650000000000003 0.505 0.0135 0.106
1 0.306375 0.51 0.00925 0.07200000000000001
1 0.366875 0.497 0.01225 0.098
1 0.420625 0.46900000000000003 0.01375 0.10200000000000001
1 0.467375 0.491 0.00925 0.082
1 0.479375 0.501 0.01225 0.09
1 0.492 0.486 0.0105 0.088
1 0.50675 0.49 0.0105 0.088
1 0.56425 0.492 0.008 0.08
1 0.5982500000000001 0.47000000000000003 0.0085 0.064
1 0.626375 0.47100000000000003 0.01175 0.09
1 0.64275 0.47500000000000003 0.0115 0.114
1 0.6587500000000001 0.481 0.0075 0.07
1 0.69775 0.467 0.0155 0.106
1 0.71275 0.452 0.0075 0.07200000000000001
1 0.73075 0.465 0.007 0.062
1 0.740375 0.465 0.00875 0.05
1 0.782 0.451 0.0155 0.078
1 0.797875 0.456 0.00775 0.08
1 0.82275 0.434 0.006500000000000001 0.068
1 0.86275 0.453 0.0125 0.038
1 0.877 0.433 0.0085 0.058
1 0.9097500000000001 0.404 0.0055 0.04
1 0.936875 0.41200000000000003 0.00925 0.068
1 0.9825 0.399 0.0095 0.054
