0 0.281 0.493 0.0145 0.078
0 0.339 0.508 0.009000000000000001 0.084
0 0.5775 0.505 0.0165 0.08600000000000001
0 0.747125 0.497 0.01325 0.066
1 0.005125 0.463 0.00975 0.054
1 0.03925 0.493 0.011 0.062
1 0.051500000000000004 0.47800000000000004 0.007 0.064
1 0.06675 0.494 0.0125 0.064
1 0.078375 0.502 0.00675 0.056
1 0.099375 0.488 0.00825 0.052000000000000005
1 0.106625 0.491 0.00475 0.054
1 0.12375 0.486 0.0045000000000000005 0.068
1 0.12975 0.484 0.004 0.04
1 0.17175 0.486 0.007 0.056
1 0.219 0.489 0.0085 0.062
1 0.23275 0.512 0.009000000000000001 0.08
1 0.2555 0.47800000000000004 0.0075 0.06
1 0.264875 0.488 0.01025 0.06
1 0.30062500000000003 0.505 0.0032500000000000003 0.054
1 0.318625 0.51 0.00575 0.068
1 0.355875 0.498 0.00825 0.04
1 0.390625 0.501 0.00725 0.058
1 0.432375 0.503 0.00875 0.058
1 0.450125 0.486 0.00925 0.068
1 0.46337500000000004 0.489 0.00775 0.066
1 0.505 0.506 0.006500000000000001 0.07200000000000001
1 0.5337500000000001 0.511 0.0115 0.066
1 0.5493750000000001 0.514 0.00825 0.088
1 0.5955 0.507 0.0085 0.05
1 0.637875 0.493 0.00425 0.046
1 0.859 0.485 0.008 0.082
1 0.87375 0.489 0.008 0.082
1 0.906 0.47500000000000003 0.007 0.07
1 0.943875 0.47900000000000004 0.00625 0.07
