0 0.067875 0.524 0.02325 0.124
0 0.1065 0.49 0.0195 0.084
0 0.253625 0.496 0.01325 0.12
0 0.32575 0.47700000000000004 0.015 0.106
0 0.365 0.491 0.013000000000000001 0.10200000000000001
0 0.45487500000000003 0.47900000000000004 0.01375 0.106
0 0.6595 0.47700000000000004 0.0135 0.122
0 0.6910000000000001 0.49 0.0245 0.148
0 0.7215 0.481 0.013000000000000001 0.11
0 0.796 0.502 0.0135 0.12
0 0.9085 0.517 0.0155 0.11
0 0.927125 0.515 0.01575 0.10200000000000001
0 0.970875 0.497 0.02025 0.10200000000000001
1 0.0165 0.516 0.014 0.08
1 0.035875000000000004 0.496 0.01375 0.108
1 0.04975 0.524 0.012 0.068
1 0.121625 0.489 0.010750000000000001 0.08600000000000001
1 0.13375 0.511 0.0115 0.09
1 0.199375 0.491 0.00475 0.066
1 0.213875 0.493 0.00925 0.082
1 0.224 0.47800000000000004 0.0055 0.056
1 0.2415 0.47200000000000003 0.009000000000000001 0.04
1 0.278125 0.495 0.00975 0.066
1 0.30262500000000003 0.501 0.00725 0.094
1 0.311875 0.47700000000000004 0.010750000000000001 0.106
1 0.38075000000000003 0.46900000000000003 0.01 0.098
1 0.409875 0.487 0.00825 0.074
1 0.420875 0.453 0.00925 0.054
1 0.47425 0.48 0.011 0.06
1 0.49125 0.485 0.0095 0.08600000000000001
1 0.502375 0.455 0.01125 0.074
1 0.519 0.484 0.01 0.084
1 0.536875 0.47500000000000003 0.012750000000000001 0.07
1 0.571875 0.48 0.00625 0.06
1 0.5825 0.464 0.0075 0.084
1 0.592625 0.468 0.01125 0.084
1 0.60575 0.453 0.0085 0.058
1 0.61775 0.444 0.007 0.06
1 0.649 0.466 0.006500000000000001 0.07200000000000001
1 0.67775 0.527 0.0085 0.08600000000000001
1 0.678625 0.456 0.00825 0.052000000000000005
1 0.73925 0.464 0.0135 0.088
1 0.8205 0.486 0.0105 0.088
1 0.835 0.491 0.008 0.09
1 0.84675 0.52 0.014 0.096
1 0.864125 0.517 0.012750000000000001 0.114
1 0.946875 0.521 0.01175 0.082
1 0.996125 0.511 0.00775 0.08600000000000001
