0 0.019125 0.513 0.02875 0.126
0 0.081625 0.496 0.03475 0.132
0 0.15075 0.501 0.035 0.094
0 0.30875 0.485 0.029 0.082
0 0.36675 0.485 0.034 0.122
0 0.526875 0.48 0.02275 0.10400000000000001
0 0.69425 0.501 0.021500000000000002 0.138
1 0.107 0.489 0.0135 0.078
1 0.120625 0.507 0.00975 0.10200000000000001
1 0.176375 0.489 0.00725 0.054
1 0.1845 0.494 0.008 0.07200000000000001
1 0.195125 0.47300000000000003 0.01025 0.078
1 0.237125 0.494 0.01025 0.08
1 0.247875 0.506 0.00975 0.096
1 0.261375 0.494 0.014750000000000001 0.08
1 0.39625 0.468 0.015 0.068
1 0.41450000000000004 0.484 0.011 0.08
1 0.45175 0.47500000000000003 0.0095 0.058
1 0.46525 0.495 0.0135 0.08600000000000001
1 0.478875 0.47600000000000003 0.00975 0.064
1 0.49212500000000003 0.47000000000000003 0.00775 0.044
1 0.504625 0.47900000000000004 0.01025 0.074
1 0.5573750000000001 0.487 0.00925 0.078
1 0.580875 0.507 0.00775 0.078
1 0.5895 0.51 0.0095 0.088
1 0.61325 0.507 0.011 0.074
1 0.645875 0.505 0.01025 0.09
1 0.719 0.499 0.0125 0.098
1 0.776375 0.527 0.00575 0.062
1 0.8053750000000001 0.52 0.01025 0.108
1 0.81625 0.501 0.007 0.05
1 0.827875 0.508 0.01225 0.076
1 0.899875 0.502 0.01225 0.08
1 0.923 0.485 0.0085 0.07
1 0.93425 0.504 0.009000000000000001 0.084
1 0.945375 0.508 0.00625 0.048
1 0.9675 0.507 0.011 0.062
1 0.97675 0.513 0.006 0.046
