0 0.29325 0.498 0.0155 0.088
0 0.33025 0.496 0.012 0.096
0 0.41225 0.501 0.0135 0.098
0 0.4375 0.52 0.0145 0.088
0 0.535875 0.499 0.03125 0.11800000000000001
0 0.64 0.514 0.0145 0.1
0 0.948625 0.488 0.01825 0.092
0 0.966375 0.497 0.01425 0.114
1 0.043750000000000004 0.46900000000000003 0.011 0.078
1 0.0555 0.468 0.0095 0.064
1 0.078375 0.452 0.00575 0.06
1 0.099875 0.483 0.00875 0.08600000000000001
1 0.11987500000000001 0.47900000000000004 0.01375 0.08600000000000001
1 0.16775 0.48 0.01 0.064
1 0.246375 0.497 0.00975 0.07
1 0.255875 0.481 0.00775 0.058
1 0.27875 0.496 0.007 0.08
1 0.303875 0.506 0.00525 0.056
1 0.34175 0.524 0.004 0.032
1 0.450375 0.504 0.00525 0.06
1 0.45875 0.502 0.011 0.068
1 0.469125 0.512 0.00975 0.07200000000000001
1 0.660875 0.511 0.01125 0.058
1 0.8325 0.496 0.01 0.088
1 0.843875 0.503 0.01225 0.11
1 0.872375 0.49 0.01225 0.092
1 0.901 0.494 0.007 0.08
1 0.911375 0.488 0.00875 0.048
1 0.929875 0.47700000000000004 0.0032500000000000003 0.026000000000000002
1 0.9802500000000001 0.502 0.0135 0.06
1 0.997 0.47700000000000004 0.006 0.03
