0 0.0205 0.497 0.0135 0.09
0 0.10875 0.485 0.0155 0.074
0 0.314125 0.498 0.02025 0.1
0 0.343625 0.505 0.01425 0.106
0 0.36662500000000003 0.514 0.01425 0.10400000000000001
0 0.415625 0.501 0.01675 0.09
0 0.441 0.495 0.0275 0.11
0 0.496 0.495 0.016 0.11800000000000001
0 0.53 0.487 0.0125 0.106
0 0.5630000000000001 0.495 0.013000000000000001 0.11800000000000001
0 0.599625 0.507 0.02025 0.106
0 0.6635 0.506 0.0125 0.092
0 0.8175 0.512 0.0195 0.092
1 0.048375 0.489 0.01025 0.046
1 0.07187500000000001 0.488 0.01525 0.092
1 0.0845 0.491 0.006 0.062
1 0.094375 0.489 0.00725 0.062
1 0.144625 0.498 0.012750000000000001 0.076
1 0.20800000000000002 0.499 0.003 0.026000000000000002
1 0.22162500000000002 0.496 0.00775 0.044
1 0.26025 0.491 0.014 0.10200000000000001
1 0.28625 0.486 0.0125 0.096
1 0.3315 0.493 0.0085 0.082
1 0.354625 0.504 0.00775 0.036000000000000004
1 0.389 0.513 0.0095 0.078
1 0.39925 0.514 0.0085 0.088
1 0.47275 0.493 0.007 0.058
1 0.511625 0.47900000000000004 0.01375 0.11
1 0.54975 0.49 0.0105 0.092
1 0.579875 0.488 0.01375 0.096
1 0.621375 0.515 0.00725 0.078
1 0.633 0.49 0.0085 0.068
1 0.650625 0.47900000000000004 0.00875 0.094
1 0.679125 0.518 0.00425 0.04
1 0.701375 0.494 0.00625 0.048
1 0.709 0.503 0.006500000000000001 0.042
1 0.8535 0.501 0.0035 0.026000000000000002
1 0.865125 0.498 0.00625 0.048
1 0.91325 0.484 0.014 0.076
1 0.932625 0.492 0.01025 0.084
1 0.940875 0.485 0.00525 0.05
1 0.9702500000000001 0.47300000000000003 0.0115 0.082
