0 0.065875 0.486 0.021750000000000002 0.092
0 0.16275 0.485 0.0135 0.10200000000000001
0 0.444 0.485 0.013000000000000001 0.106
0 0.631625 0.517 0.01675 0.098
0 0.642875 0.495 0.012750000000000001 0.122
0 0.756875 0.508 0.02075 0.1
1 0.003875 0.493 0.00725 0.08600000000000001
1 0.025625000000000002 0.487 0.00975 0.082
1 0.11675 0.483 0.007 0.058
1 0.180875 0.481 0.00725 0.046
1 0.2335 0.495 0.005 0.038
1 0.304875 0.498 0.010750000000000001 0.096
1 0.359 0.515 0.0045000000000000005 0.034
1 0.408625 0.465 0.00625 0.054
1 0.512875 0.518 0.00675 0.064
1 0.5865 0.491 0.006 0.058
1 0.599875 0.524 0.00475 0.032
1 0.6865 0.47300000000000003 0.0055 0.062
1 0.697375 0.519 0.00425 0.046
1 0.704125 0.507 0.00725 0.074
1 0.727625 0.492 0.01125 0.084
1 0.783875 0.497 0.01025 0.10200000000000001
1 0.803625 0.507 0.00925 0.054
1 0.81225 0.489 0.0055 0.054
1 0.82725 0.47600000000000003 0.0125 0.116
1 0.838125 0.484 0.00775 0.116
1 0.8825000000000001 0.497 0.01 0.082
1 0.9233750000000001 0.484 0.00975 0.068
1 0.9695 0.46900000000000003 0.011 0.078
1 0.985125 0.484 0.01525 0.12
