0 0.42825 0.489 0.021 0.082
0 0.48675 0.527 0.014 0.126
0 0.7225 0.504 0.02 0.12
0 0.73775 0.496 0.0105 0.116
0 0.7745 0.503 0.012 0.082
0 0.928625 0.488 0.02275 0.152
1 0.00425 0.47600000000000003 0.008 0.084
1 0.043375000000000004 0.467 0.0032500000000000003 0.026000000000000002
1 0.068 0.47000000000000003 0.008 0.06
1 0.11475 0.49 0.008 0.048
1 0.127 0.486 0.009000000000000001 0.06
1 0.231625 0.481 0.00925 0.046
1 0.24325 0.492 0.0085 0.076
1 0.277125 0.483 0.00425 0.034
1 0.30725 0.491 0.008 0.05
1 0.344375 0.489 0.01025 0.074
1 0.4005 0.47900000000000004 0.008 0.05
1 0.50625 0.502 0.01 0.06
1 0.518 0.495 0.007 0.05
1 0.5305 0.503 0.008 0.062
1 0.539875 0.494 0.00675 0.036000000000000004
1 0.5695 0.497 0.01 0.062
1 0.581875 0.47300000000000003 0.00575 0.05
1 0.5916250000000001 0.493 0.00475 0.074
1 0.605 0.496 0.007 0.07200000000000001
1 0.653875 0.49 0.00775 0.088
1 0.69325 0.524 0.0105 0.1
1 0.705375 0.49 0.01175 0.068
1 0.72775 0.487 0.0095 0.038
1 0.755875 0.511 0.00975 0.066
1 0.876125 0.486 0.01025 0.07200000000000001
1 0.891625 0.47800000000000004 0.01025 0.06
1 0.910625 0.501 0.010750000000000001 0.066
1 0.944875 0.491 0.00825 0.058
1 0.969875 0.47200000000000003 0.01025 0.07200000000000001
1 0.9858750000000001 0.487 0.00825 0.078
1 0.995 0.47900000000000004 0.0095 0.09
