0 0.054375 0.48 0.02825 0.116
0 0.156 0.49 0.034 0.10400000000000001
0 0.20500000000000002 0.495 0.0195 0.13
0 0.23850000000000002 0.514 0.0225 0.088
0 0.354875 0.499 0.01225 0.094
0 0.406625 0.502 0.01125 0.088
0 0.44675000000000004 0.499 0.0175 0.094
0 0.466625 0.505 0.01975 0.114
0 0.4855 0.495 0.0135 0.09
0 0.56525 0.47600000000000003 0.015 0.10400000000000001
0 0.586875 0.5 0.017750000000000002 0.116
0 0.81 0.514 0.016 0.1
0 0.88625 0.497 0.024 0.122
1 0.004 0.501 0.0075 0.094
1 0.017875000000000002 0.47400000000000003 0.00475 0.044
1 0.08475 0.501 0.0115 0.10200000000000001
1 0.10337500000000001 0.491 0.01575 0.074
1 0.183375 0.464 0.01175 0.052000000000000005
1 0.185375 0.521 0.01175 0.05
1 0.19137500000000002 0.462 0.00625 0.044
1 0.266125 0.513 0.00525 0.034
1 0.3135 0.515 0.007 0.062
1 0.322875 0.517 0.00875 0.042
1 0.336125 0.514 0.01025 0.056
1 0.416375 0.507 0.00775 0.046
1 0.49875 0.487 0.0085 0.042
1 0.518375 0.502 0.01175 0.064
1 0.529125 0.49 0.00975 0.052000000000000005
1 0.552875 0.49 0.00925 0.056
1 0.639875 0.487 0.01175 0.114
1 0.6577500000000001 0.492 0.014 0.096
1 0.7020000000000001 0.47800000000000004 0.0105 0.048
1 0.7378750000000001 0.5 0.00825 0.068
1 0.745 0.484 0.005 0.064
1 0.77525 0.503 0.007 0.08600000000000001
1 0.788375 0.513 0.01125 0.066
1 0.841375 0.507 0.00625 0.054
1 0.9021250000000001 0.484 0.00725 0.076
1 0.91425 0.488 0.016 0.084
1 0.9455 0.47800000000000004 0.0075 0.08
1 0.96525 0.496 0.012 0.076
1 0.987 0.504 0.007 0.04
