0 0.055 0.486 0.04 0.128
1 0.019125 0.488 0.01625 0.108
1 0.0955 0.507 0.0105 0.07
1 0.1535 0.491 0.011 0.11
1 0.2 0.499 0.016 0.094
1 0.235125 0.47900000000000004 0.01725 0.078
1 0.257 0.498 0.018000000000000002 0.1
1 0.29625 0.507 0.013000000000000001 0.09
1 0.336375 0.51 0.01325 0.084
1 0.379875 0.508 0.01325 0.076
1 0.39075 0.501 0.0075 0.066
1 0.39925 0.47900000000000004 0.008 0.09
1 0.415875 0.508 0.00725 0.064
1 0.42612500000000003 0.491 0.01175 0.066
1 0.50375 0.487 0.0085 0.08600000000000001
1 0.540375 0.497 0.01375 0.082
1 0.556875 0.464 0.010750000000000001 0.06
1 0.566875 0.48 0.00875 0.096
1 0.58 0.493 0.0125 0.062
1 0.649875 0.481 0.00775 0.066
1 0.66525 0.486 0.012 0.096
1 0.716375 0.504 0.01425 0.068
1 0.7691250000000001 0.484 0.00375 0.036000000000000004
1 0.787875 0.47600000000000003 0.00875 0.08
1 0.8015 0.499 0.011 0.106
1 0.826875 0.504 0.01025 0.128
1 0.8582500000000001 0.499 0.015 0.09
1 0.891 0.47900000000000004 0.01 0.078
1 0.899875 0.502 0.00525 0.07200000000000001
1 0.911375 0.488 0.01125 0.068
1 0.9560000000000001 0.502 0.0125 0.096
1 0.966875 0.502 0.00875 0.08
