0 0.09325 0.488 0.027 0.112
0 0.12175 0.503 0.021 0.13
0 0.229875 0.492 0.03275 0.10400000000000001
0 0.30525 0.497 0.0185 0.08600000000000001
0 0.5377500000000001 0.496 0.021500000000000002 0.112
0 0.74375 0.5 0.012 0.096
0 0.765 0.501 0.018000000000000002 0.07
0 0.9217500000000001 0.494 0.014 0.092
1 0.0022500000000000003 0.5 0.004 0.056
1 0.017625000000000002 0.492 0.01325 0.10400000000000001
1 0.037875 0.493 0.01325 0.106
1 0.05825 0.494 0.013000000000000001 0.06
1 0.183875 0.514 0.014750000000000001 0.068
1 0.2615 0.495 0.0135 0.09
1 0.34400000000000003 0.486 0.01 0.096
1 0.379875 0.483 0.00875 0.082
1 0.391625 0.5 0.00875 0.068
1 0.41425 0.496 0.0075 0.076
1 0.44025000000000003 0.491 0.0085 0.062
1 0.484375 0.497 0.00825 0.10200000000000001
1 0.5593750000000001 0.492 0.01225 0.116
1 0.574125 0.457 0.00475 0.03
1 0.62475 0.458 0.007 0.048
1 0.647 0.503 0.005 0.058
1 0.668 0.496 0.0095 0.112
1 0.683625 0.504 0.01025 0.088
1 0.7126250000000001 0.504 0.00975 0.084
1 0.7265 0.513 0.012 0.074
1 0.789375 0.47500000000000003 0.00775 0.082
1 0.80275 0.47800000000000004 0.0085 0.036000000000000004
1 0.8145 0.47600000000000003 0.0075 0.068
1 0.8315 0.47600000000000003 0.004 0.032
1 0.894625 0.481 0.00625 0.03
1 0.9111250000000001 0.47700000000000004 0.00675 0.074
1 0.9450000000000001 0.462 0.0045000000000000005 0.028
