0 0.043500000000000004 0.519 0.024 0.11
0 0.19225 0.495 0.0135 0.098
0 0.250125 0.492 0.01575 0.096
0 0.2905 0.49 0.0115 0.096
0 0.366875 0.485 0.01225 0.08600000000000001
0 0.45175 0.487 0.016 0.066
0 0.74575 0.502 0.0165 0.096
0 0.83275 0.497 0.0175 0.106
0 0.889 0.493 0.013000000000000001 0.078
1 0.003125 0.523 0.00575 0.074
1 0.0155 0.526 0.0085 0.068
1 0.02625 0.531 0.006500000000000001 0.114
1 0.08875 0.508 0.0115 0.07200000000000001
1 0.12625 0.519 0.0075 0.07
1 0.14925 0.495 0.0095 0.074
1 0.16925 0.491 0.006500000000000001 0.054
1 0.177875 0.481 0.00825 0.034
1 0.21375 0.491 0.012 0.08600000000000001
1 0.233625 0.509 0.00925 0.05
1 0.263875 0.501 0.00725 0.07
1 0.28075 0.487 0.007 0.106
1 0.305375 0.494 0.00875 0.08
1 0.320875 0.519 0.00925 0.082
1 0.41050000000000003 0.495 0.01 0.082
1 0.47150000000000003 0.502 0.011 0.068
1 0.49212500000000003 0.483 0.012750000000000001 0.08600000000000001
1 0.54825 0.5 0.0095 0.076
1 0.577625 0.508 0.00575 0.092
1 0.620125 0.502 0.00725 0.08
1 0.671875 0.492 0.00425 0.056
1 0.676625 0.496 0.00375 0.068
1 0.700875 0.482 0.00925 0.08
1 0.709125 0.493 0.00725 0.066
1 0.722625 0.48 0.00875 0.052000000000000005
1 0.85175 0.527 0.0055 0.07
1 0.8612500000000001 0.512 0.0105 0.092
1 0.87325 0.494 0.0095 0.076
