0 0.676125 0.488 0.01225 0.068
1 0.076625 0.467 0.00675 0.062
1 0.178625 0.48 0.00725 0.052000000000000005
1 0.18762500000000001 0.503 0.00675 0.078
1 0.20450000000000002 0.501 0.0075 0.066
1 0.239125 0.504 0.00725 0.048
1 0.256125 0.517 0.00925 0.062
1 0.279625 0.501 0.00675 0.078
1 0.45387500000000003 0.509 0.00775 0.062
1 0.4845 0.493 0.006 0.042
1 0.50525 0.47800000000000004 0.006500000000000001 0.052000000000000005
1 0.52425 0.487 0.0085 0.05
1 0.5593750000000001 0.5 0.00575 0.048
1 0.576625 0.491 0.00875 0.034
1 0.689375 0.488 0.00675 0.052000000000000005
1 0.696125 0.513 0.00675 0.046
