0 0.01 0.494 0.0105 0.10400000000000001
0 0.03175 0.501 0.011 0.078
0 0.08825 0.506 0.018000000000000002 0.08
0 0.173375 0.496 0.01425 0.056
0 0.217625 0.504 0.01925 0.084
0 0.252 0.498 0.012 0.084
0 0.310125 0.488 0.010750000000000001 0.076
0 0.4255 0.489 0.0325 0.08600000000000001
0 0.470625 0.496 0.01175 0.08
0 0.518375 0.503 0.01375 0.082
0 0.570375 0.493 0.012750000000000001 0.09
0 0.633125 0.493 0.01175 0.082
1 0.12512500000000001 0.501 0.00925 0.078
1 0.183875 0.506 0.00525 0.056
1 0.277125 0.482 0.00875 0.064
1 0.35925 0.485 0.0075 0.05
1 0.368625 0.491 0.00975 0.058
1 0.387625 0.5 0.00925 0.092
1 0.461125 0.47700000000000004 0.00725 0.062
1 0.494875 0.493 0.00825 0.078
1 0.530625 0.496 0.00525 0.048
1 0.616625 0.48 0.00775 0.08
1 0.690625 0.497 0.00975 0.062
1 0.726125 0.51 0.00525 0.048
1 0.73825 0.504 0.0085 0.056
1 0.798875 0.512 0.00775 0.048
1 0.828875 0.508 0.00825 0.084
1 0.875625 0.489 0.00825 0.08600000000000001
1 0.8995 0.508 0.0105 0.056
1 0.916875 0.486 0.010750000000000001 0.1
