0 0.86275 0.498 0.0125 0.1
1 0.0035 0.484 0.0055 0.06
1 0.009875 0.5 0.00725 0.076
1 0.197625 0.487 0.00875 0.078
1 0.2545 0.498 0.0115 0.064
1 0.26475 0.487 0.0085 0.058
1 0.317625 0.511 0.010750000000000001 0.098
1 0.371125 0.508 0.00875 0.07200000000000001
1 0.488375 0.496 0.00775 0.064
1 0.5357500000000001 0.511 0.0105 0.098
1 0.5720000000000001 0.502 0.0115 0.076
1 0.59325 0.496 0.008 0.1
1 0.605625 0.489 0.01025 0.094
1 0.6235 0.487 0.0095 0.066
1 0.636125 0.489 0.010750000000000001 0.08600000000000001
1 0.873625 0.499 0.00875 0.07
