1 0.06425 0.47300000000000003 0.005 0.03
1 0.081125 0.492 0.01325 0.052000000000000005
1 0.100125 0.525 0.00525 0.038
1 0.207125 0.511 0.00625 0.05
1 0.24575 0.47900000000000004 0.0055 0.046
1 0.26275 0.47600000000000003 0.008 0.044
1 0.40375 0.508 0.006 0.088
1 0.48225 0.455 0.004 0.046
1 0.515375 0.493 0.00575 0.042
1 0.595125 0.502 0.00775 0.036000000000000004
1 0.652 0.513 0.008 0.058
1 0.758 0.485 0.0095 0.042
1 0.774375 0.508 0.00525 0.056
1 0.835125 0.499 0.00575 0.038
1 0.845 0.513 0.005 0.042
1 0.8622500000000001 0.499 0.006 0.034
1 0.979625 0.468 0.00475 0.036000000000000004
