0 0.079375 0.493 0.05075 0.082
0 0.20375000000000001 0.503 0.0145 0.09
0 0.33425 0.483 0.019 0.094
0 0.539125 0.511 0.017750000000000002 0.094
0 0.6 0.491 0.0165 0.078
0 0.616125 0.496 0.01325 0.076
1 0.031375 0.47100000000000003 0.01425 0.062
1 0.130625 0.494 0.00775 0.052000000000000005
1 0.140875 0.518 0.00775 0.08
1 0.16975 0.503 0.0115 0.07
1 0.182875 0.487 0.00775 0.07
1 0.232625 0.483 0.01025 0.058
1 0.242875 0.483 0.00875 0.05
1 0.271 0.485 0.0105 0.074
1 0.28400000000000003 0.501 0.014 0.058
1 0.316125 0.499 0.01625 0.09
1 0.407625 0.47100000000000003 0.00525 0.05
1 0.468125 0.497 0.00875 0.074
1 0.479875 0.508 0.00775 0.056
1 0.50675 0.507 0.007 0.094
1 0.51825 0.491 0.0075 0.074
1 0.552 0.51 0.007 0.064
1 0.566375 0.516 0.010750000000000001 0.07200000000000001
1 0.68375 0.496 0.0095 0.076
1 0.709375 0.512 0.01125 0.08
1 0.739125 0.485 0.00825 0.054
1 0.8335 0.461 0.009000000000000001 0.066
1 0.86975 0.515 0.008 0.074
1 0.89075 0.481 0.006 0.078
1 0.910625 0.493 0.00825 0.082
1 0.927875 0.501 0.01625 0.08600000000000001
1 0.9575 0.497 0.009000000000000001 0.098
1 0.972 0.47500000000000003 0.0115 0.082
1 0.996625 0.489 0.00675 0.058
