0 0.230875 0.488 0.012750000000000001 0.096
0 0.5205 0.501 0.011 0.062
0 0.5337500000000001 0.512 0.013000000000000001 0.12
0 0.653625 0.483 0.017750000000000002 0.106
0 0.6697500000000001 0.501 0.014 0.07
0 0.83925 0.499 0.0145 0.098
0 0.899375 0.501 0.00925 0.10200000000000001
0 0.940625 0.504 0.01575 0.08
1 0.0055 0.53 0.0105 0.068
1 0.030625 0.492 0.01425 0.068
1 0.07137500000000001 0.508 0.01125 0.064
1 0.14225000000000002 0.514 0.0085 0.044
1 0.28300000000000003 0.503 0.005 0.05
1 0.342125 0.485 0.00925 0.082
1 0.372375 0.488 0.01025 0.07200000000000001
1 0.39025 0.497 0.0145 0.074
1 0.41175 0.493 0.007 0.066
1 0.45925 0.47700000000000004 0.011 0.062
1 0.47825 0.492 0.01 0.048
1 0.505625 0.504 0.01125 0.07200000000000001
1 0.7020000000000001 0.47200000000000003 0.005 0.044
1 0.743 0.488 0.0085 0.044
1 0.807 0.494 0.0125 0.06
1 0.8695 0.507 0.0085 0.058
1 0.9081250000000001 0.47800000000000004 0.00875 0.07200000000000001
1 0.971 0.506 0.0105 0.064
1 0.98575 0.489 0.01 0.066
